 1,4.42622E-48,  5.83299E+00,  1.00000E-02,  1.70036E-01
 2,1.30767E-03,  5.83268E+00,  1.00000E-02,  1.68468E-01
 3,2.53992E-03,  5.83212E+00,  1.00000E-02,  1.66991E-01
 4,3.70108E-03,  5.83161E+00,  1.00000E-02,  1.65600E-01
 5,4.79527E-03,  5.83108E+00,  1.00000E-02,  1.64289E-01
 6,5.82634E-03,  5.83050E+00,  1.00000E-02,  1.63054E-01
 7,6.79794E-03,  5.82984E+00,  1.00000E-02,  1.61891E-01
 8,7.71349E-03,  5.82910E+00,  1.00000E-02,  1.60796E-01
 9,8.57623E-03,  5.82826E+00,  1.00000E-02,  1.59765E-01
10,9.38921E-03,  5.82731E+00,  1.00000E-02,  1.58793E-01
11,1.01553E-02,  5.82625E+00,  1.00000E-02,  1.57878E-01
12,1.08772E-02,  5.82507E+00,  1.00000E-02,  1.57017E-01
13,1.15574E-02,  5.82376E+00,  1.00000E-02,  1.56207E-01
14,1.21985E-02,  5.82233E+00,  1.00000E-02,  1.55444E-01
15,1.28025E-02,  5.82078E+00,  1.00000E-02,  1.54726E-01
16,1.33717E-02,  5.81910E+00,  1.00000E-02,  1.54050E-01
17,1.39081E-02,  5.81730E+00,  1.00000E-02,  1.53414E-01
18,1.44135E-02,  5.81537E+00,  1.00000E-02,  1.52815E-01
19,1.48898E-02,  5.81333E+00,  1.00000E-02,  1.52252E-01
20,1.53386E-02,  5.81116E+00,  1.00000E-02,  1.51723E-01
21,1.57615E-02,  5.80887E+00,  1.00000E-02,  1.51225E-01
22,1.61600E-02,  5.80646E+00,  1.00000E-02,  1.50756E-01
23,1.65355E-02,  5.80393E+00,  1.00000E-02,  1.50316E-01
24,1.68894E-02,  5.80127E+00,  1.00000E-02,  1.49901E-01
25,1.72228E-02,  5.79847E+00,  1.00000E-02,  1.49512E-01
26,1.75371E-02,  5.79553E+00,  1.00000E-02,  1.49146E-01
27,1.78332E-02,  5.79242E+00,  1.00000E-02,  1.48801E-01
28,1.81122E-02,  5.78913E+00,  1.00000E-02,  1.48478E-01
29,1.83751E-02,  5.78562E+00,  1.00000E-02,  1.48174E-01
30,1.86229E-02,  5.78183E+00,  1.00000E-02,  1.47888E-01
31,1.88563E-02,  5.77769E+00,  1.00000E-02,  1.47619E-01
32,1.90763E-02,  5.77312E+00,  1.00000E-02,  1.47367E-01
33,1.92836E-02,  5.76792E+00,  1.00000E-02,  1.47129E-01
34,1.94790E-02,  5.76154E+00,  1.00000E-02,  1.46903E-01
35,1.96631E-02,  5.75095E+00,  1.00000E-02,  1.46677E-01
36,1.98365E-02,  5.73266E+00,  1.00000E-02,  1.46456E-01
37,2.00000E-02,  5.71876E+00,  1.00000E-02,  1.46416E-01
38,2.00694E-02,  5.72660E+00,  9.99913E-03,  1.46557E-01
39,2.01389E-02,  5.74748E+00,  9.99827E-03,  1.46508E-01
40,2.02083E-02,  5.76643E+00,  9.99740E-03,  1.46389E-01
41,2.02778E-02,  5.78158E+00,  9.99654E-03,  1.46262E-01
42,2.03472E-02,  5.79354E+00,  9.99569E-03,  1.46147E-01
43,2.04167E-02,  5.80351E+00,  9.99483E-03,  1.46042E-01
44,2.04861E-02,  5.81231E+00,  9.99398E-03,  1.45945E-01
45,2.05556E-02,  5.82050E+00,  9.99312E-03,  1.45851E-01
46,2.06250E-02,  5.82829E+00,  9.99227E-03,  1.45758E-01
47,2.06945E-02,  5.83568E+00,  9.99143E-03,  1.45664E-01
48,2.07639E-02,  5.84277E+00,  9.99058E-03,  1.45570E-01
49,2.08334E-02,  5.84956E+00,  9.98974E-03,  1.45475E-01
50,2.09028E-02,  5.85602E+00,  9.98890E-03,  1.45380E-01
51,2.09723E-02,  5.86221E+00,  9.98806E-03,  1.45285E-01
52,2.10417E-02,  5.86817E+00,  9.98723E-03,  1.45190E-01
53,2.11112E-02,  5.87385E+00,  9.98640E-03,  1.45094E-01
54,2.11806E-02,  5.87934E+00,  9.98557E-03,  1.44999E-01
55,2.12501E-02,  5.88464E+00,  9.98474E-03,  1.44903E-01
56,2.13195E-02,  5.88972E+00,  9.98391E-03,  1.44807E-01
57,2.13889E-02,  5.89464E+00,  9.98309E-03,  1.44711E-01
58,2.14584E-02,  5.89942E+00,  9.98227E-03,  1.44615E-01
59,2.15278E-02,  5.90400E+00,  9.98145E-03,  1.44518E-01
60,2.15973E-02,  5.90847E+00,  9.98063E-03,  1.44423E-01
61,2.16667E-02,  5.91281E+00,  9.97982E-03,  1.44326E-01
62,2.17362E-02,  5.91699E+00,  9.97901E-03,  1.44230E-01
63,2.18056E-02,  5.92106E+00,  9.97820E-03,  1.44134E-01
64,2.18751E-02,  5.92505E+00,  9.97739E-03,  1.44037E-01
65,2.19445E-02,  5.92887E+00,  9.97659E-03,  1.43940E-01
66,2.20140E-02,  5.93262E+00,  9.97579E-03,  1.43844E-01
67,2.20834E-02,  5.93629E+00,  9.97498E-03,  1.43747E-01
68,2.21529E-02,  5.93982E+00,  9.97419E-03,  1.43650E-01
69,2.22223E-02,  5.94328E+00,  9.97339E-03,  1.43554E-01
70,2.22918E-02,  5.94667E+00,  9.97260E-03,  1.43456E-01
71,2.23612E-02,  5.94994E+00,  9.97181E-03,  1.43359E-01
72,2.24307E-02,  5.95314E+00,  9.97102E-03,  1.43263E-01
73,2.25001E-02,  5.95630E+00,  9.97023E-03,  1.43166E-01
74,2.25696E-02,  5.95933E+00,  9.96945E-03,  1.43068E-01
75,2.26390E-02,  5.96231E+00,  9.96867E-03,  1.42972E-01
76,2.27085E-02,  5.96525E+00,  9.96789E-03,  1.42874E-01
77,2.27779E-02,  5.96808E+00,  9.96712E-03,  1.42777E-01
78,2.28474E-02,  5.97086E+00,  9.96634E-03,  1.42681E-01
79,2.29168E-02,  5.97361E+00,  9.96557E-03,  1.42583E-01
80,2.29862E-02,  5.97625E+00,  9.96480E-03,  1.42486E-01
81,2.30557E-02,  5.97885E+00,  9.96404E-03,  1.42389E-01
82,2.31251E-02,  5.98142E+00,  9.96327E-03,  1.42291E-01
83,2.31946E-02,  5.98389E+00,  9.96251E-03,  1.42194E-01
84,2.32640E-02,  5.98633E+00,  9.96175E-03,  1.42097E-01
85,2.33335E-02,  5.98874E+00,  9.96099E-03,  1.42000E-01
86,2.34029E-02,  5.99106E+00,  9.96024E-03,  1.41902E-01
87,2.34724E-02,  5.99335E+00,  9.95949E-03,  1.41805E-01
88,2.35418E-02,  5.99561E+00,  9.95873E-03,  1.41708E-01
89,2.36113E-02,  5.99779E+00,  9.95799E-03,  1.41610E-01
90,2.36807E-02,  5.99994E+00,  9.95724E-03,  1.41513E-01
91,2.37502E-02,  6.00208E+00,  9.95650E-03,  1.41416E-01
92,2.38196E-02,  6.00412E+00,  9.95576E-03,  1.41318E-01
93,2.38891E-02,  6.00615E+00,  9.95502E-03,  1.41221E-01
94,2.39585E-02,  6.00816E+00,  9.95428E-03,  1.41123E-01
95,2.40280E-02,  6.01009E+00,  9.95355E-03,  1.41026E-01
96,2.40974E-02,  6.01200E+00,  9.95282E-03,  1.40929E-01
97,2.41669E-02,  6.01389E+00,  9.95209E-03,  1.40831E-01
98,2.42363E-02,  6.01571E+00,  9.95136E-03,  1.40734E-01
99,2.43058E-02,  6.01751E+00,  9.95064E-03,  1.40637E-01
100,2.43752E-02,  6.01931E+00,  9.94991E-03,  1.40539E-01
101,2.44447E-02,  6.02102E+00,  9.94920E-03,  1.40441E-01
102,2.45141E-02,  6.02272E+00,  9.94848E-03,  1.40345E-01
103,2.45835E-02,  6.02442E+00,  9.94776E-03,  1.40247E-01
104,2.46530E-02,  6.02603E+00,  9.94705E-03,  1.40149E-01
105,2.47224E-02,  6.02764E+00,  9.94634E-03,  1.40053E-01
106,2.47919E-02,  6.02925E+00,  9.94563E-03,  1.39955E-01
107,2.48613E-02,  6.03078E+00,  9.94493E-03,  1.39857E-01
108,2.49308E-02,  6.03230E+00,  9.94423E-03,  1.39761E-01
109,2.50002E-02,  6.03382E+00,  9.94352E-03,  1.39663E-01
110,2.50697E-02,  6.03526E+00,  9.94283E-03,  1.39565E-01
111,2.51391E-02,  6.03671E+00,  9.94213E-03,  1.39469E-01
112,2.52086E-02,  6.03814E+00,  9.94144E-03,  1.39371E-01
113,2.52780E-02,  6.03951E+00,  9.94075E-03,  1.39273E-01
114,2.53475E-02,  6.04088E+00,  9.94006E-03,  1.39177E-01
115,2.54169E-02,  6.04224E+00,  9.93937E-03,  1.39079E-01
116,2.54864E-02,  6.04354E+00,  9.93869E-03,  1.38982E-01
117,2.55558E-02,  6.04483E+00,  9.93801E-03,  1.38885E-01
118,2.56253E-02,  6.04613E+00,  9.93733E-03,  1.38787E-01
119,2.56947E-02,  6.04735E+00,  9.93665E-03,  1.38690E-01
120,2.57642E-02,  6.04858E+00,  9.93598E-03,  1.38593E-01
121,2.58336E-02,  6.04981E+00,  9.93530E-03,  1.38496E-01
122,2.59031E-02,  6.05097E+00,  9.93463E-03,  1.38398E-01
123,2.59725E-02,  6.05214E+00,  9.93397E-03,  1.38302E-01
124,2.60420E-02,  6.05330E+00,  9.93330E-03,  1.38204E-01
125,2.61114E-02,  6.05440E+00,  9.93264E-03,  1.38107E-01
126,2.61809E-02,  6.05551E+00,  9.93198E-03,  1.38011E-01
127,2.62503E-02,  6.05662E+00,  9.93132E-03,  1.37913E-01
128,2.63198E-02,  6.05766E+00,  9.93067E-03,  1.37816E-01
129,2.63892E-02,  6.05871E+00,  9.93001E-03,  1.37719E-01
130,2.64586E-02,  6.05976E+00,  9.92936E-03,  1.37622E-01
131,2.65281E-02,  6.06075E+00,  9.92871E-03,  1.37525E-01
132,2.65975E-02,  6.06175E+00,  9.92807E-03,  1.37428E-01
133,2.66670E-02,  6.06275E+00,  9.92742E-03,  1.37331E-01
134,2.67364E-02,  6.06369E+00,  9.92678E-03,  1.37234E-01
135,2.68059E-02,  6.06464E+00,  9.92614E-03,  1.37137E-01
136,2.68753E-02,  6.06559E+00,  9.92550E-03,  1.37040E-01
137,2.69448E-02,  6.06648E+00,  9.92487E-03,  1.36943E-01
138,2.70142E-02,  6.06738E+00,  9.92424E-03,  1.36847E-01
139,2.70837E-02,  6.06829E+00,  9.92361E-03,  1.36750E-01
140,2.71531E-02,  6.06914E+00,  9.92298E-03,  1.36652E-01
141,2.72226E-02,  6.06999E+00,  9.92236E-03,  1.36556E-01
142,2.72920E-02,  6.07085E+00,  9.92173E-03,  1.36459E-01
143,2.73615E-02,  6.07166E+00,  9.92112E-03,  1.36362E-01
144,2.74309E-02,  6.07247E+00,  9.92050E-03,  1.36266E-01
145,2.75004E-02,  6.07329E+00,  9.91988E-03,  1.36169E-01
146,2.75698E-02,  6.07405E+00,  9.91927E-03,  1.36072E-01
147,2.76393E-02,  6.07483E+00,  9.91866E-03,  1.35976E-01
148,2.77087E-02,  6.07561E+00,  9.91805E-03,  1.35879E-01
149,2.77782E-02,  6.07633E+00,  9.91745E-03,  1.35782E-01
150,2.78476E-02,  6.07707E+00,  9.91684E-03,  1.35686E-01
151,2.79171E-02,  6.07781E+00,  9.91624E-03,  1.35589E-01
152,2.79865E-02,  6.07850E+00,  9.91564E-03,  1.35492E-01
153,2.80560E-02,  6.07920E+00,  9.91505E-03,  1.35397E-01
154,2.81254E-02,  6.07991E+00,  9.91445E-03,  1.35300E-01
155,2.81949E-02,  6.08057E+00,  9.91386E-03,  1.35203E-01
156,2.82643E-02,  6.08123E+00,  9.91327E-03,  1.35107E-01
157,2.83337E-02,  6.08191E+00,  9.91269E-03,  1.35010E-01
158,2.84032E-02,  6.08253E+00,  9.91210E-03,  1.34914E-01
159,2.84726E-02,  6.08317E+00,  9.91152E-03,  1.34818E-01
160,2.85421E-02,  6.08381E+00,  9.91094E-03,  1.34721E-01
161,2.86115E-02,  6.08440E+00,  9.91037E-03,  1.34625E-01
162,2.86810E-02,  6.08501E+00,  9.90979E-03,  1.34529E-01
163,2.87504E-02,  6.08563E+00,  9.90922E-03,  1.34433E-01
164,2.88199E-02,  6.08619E+00,  9.90865E-03,  1.34336E-01
165,2.88893E-02,  6.08677E+00,  9.90808E-03,  1.34240E-01
166,2.89588E-02,  6.08736E+00,  9.90751E-03,  1.34144E-01
167,2.90282E-02,  6.08790E+00,  9.90695E-03,  1.34047E-01
168,2.90977E-02,  6.08845E+00,  9.90639E-03,  1.33952E-01
169,2.91671E-02,  6.08902E+00,  9.90583E-03,  1.33856E-01
170,2.92366E-02,  6.08953E+00,  9.90528E-03,  1.33759E-01
171,2.93060E-02,  6.09006E+00,  9.90473E-03,  1.33664E-01
172,2.93755E-02,  6.09061E+00,  9.90417E-03,  1.33568E-01
173,2.94449E-02,  6.09110E+00,  9.90363E-03,  1.33471E-01
174,2.95144E-02,  6.09161E+00,  9.90308E-03,  1.33376E-01
175,2.95838E-02,  6.09213E+00,  9.90253E-03,  1.33280E-01
176,2.96533E-02,  6.09261E+00,  9.90199E-03,  1.33183E-01
177,2.97227E-02,  6.09310E+00,  9.90146E-03,  1.33088E-01
178,2.97922E-02,  6.09360E+00,  9.90092E-03,  1.32992E-01
179,2.98616E-02,  6.09405E+00,  9.90039E-03,  1.32896E-01
180,2.99311E-02,  6.09451E+00,  9.89985E-03,  1.32801E-01
181,3.00005E-02,  6.09499E+00,  9.89932E-03,  1.32704E-01
182,3.00700E-02,  6.09542E+00,  9.89880E-03,  1.32608E-01
183,3.01394E-02,  6.09588E+00,  9.89827E-03,  1.32513E-01
184,3.02088E-02,  6.09634E+00,  9.89775E-03,  1.32417E-01
185,3.02783E-02,  6.09675E+00,  9.89723E-03,  1.32321E-01
186,3.03477E-02,  6.09717E+00,  9.89671E-03,  1.32226E-01
187,3.04172E-02,  6.09760E+00,  9.89620E-03,  1.32130E-01
188,3.04866E-02,  6.09798E+00,  9.89569E-03,  1.32034E-01
189,3.05561E-02,  6.09838E+00,  9.89517E-03,  1.31939E-01
190,3.06255E-02,  6.09879E+00,  9.89466E-03,  1.31843E-01
191,3.06950E-02,  6.09914E+00,  9.89416E-03,  1.31747E-01
192,3.07644E-02,  6.09952E+00,  9.89366E-03,  1.31652E-01
193,3.08339E-02,  6.09991E+00,  9.89316E-03,  1.31557E-01
194,3.09033E-02,  6.10024E+00,  9.89266E-03,  1.31461E-01
195,3.09728E-02,  6.10059E+00,  9.89216E-03,  1.31366E-01
196,3.10422E-02,  6.10096E+00,  9.89167E-03,  1.31270E-01
197,3.11117E-02,  6.10127E+00,  9.89118E-03,  1.31174E-01
198,3.11811E-02,  6.10160E+00,  9.89069E-03,  1.31080E-01
199,3.12506E-02,  6.10194E+00,  9.89020E-03,  1.30984E-01
200,3.13200E-02,  6.10224E+00,  9.88972E-03,  1.30888E-01
201,3.13895E-02,  6.10254E+00,  9.88924E-03,  1.30794E-01
202,3.14589E-02,  6.10287E+00,  9.88876E-03,  1.30698E-01
203,3.15284E-02,  6.10314E+00,  9.88828E-03,  1.30603E-01
204,3.15978E-02,  6.10343E+00,  9.88781E-03,  1.30508E-01
205,3.16673E-02,  6.10374E+00,  9.88733E-03,  1.30412E-01
206,3.17367E-02,  6.10399E+00,  9.88687E-03,  1.30317E-01
207,3.18062E-02,  6.10427E+00,  9.88640E-03,  1.30222E-01
208,3.18756E-02,  6.10455E+00,  9.88593E-03,  1.30127E-01
209,3.19451E-02,  6.10479E+00,  9.88547E-03,  1.30031E-01
210,3.20145E-02,  6.10504E+00,  9.88501E-03,  1.29937E-01
211,3.20839E-02,  6.10531E+00,  9.88455E-03,  1.29842E-01
212,3.21534E-02,  6.10553E+00,  9.88410E-03,  1.29746E-01
213,3.22228E-02,  6.10577E+00,  9.88365E-03,  1.29652E-01
214,3.22923E-02,  6.10602E+00,  9.88319E-03,  1.29557E-01
215,3.23617E-02,  6.10622E+00,  9.88275E-03,  1.29461E-01
216,3.24312E-02,  6.10644E+00,  9.88230E-03,  1.29367E-01
217,3.25006E-02,  6.10668E+00,  9.88186E-03,  1.29272E-01
218,3.25701E-02,  6.10687E+00,  9.88142E-03,  1.29177E-01
219,3.26395E-02,  6.10707E+00,  9.88098E-03,  1.29082E-01
220,3.27090E-02,  6.10729E+00,  9.88054E-03,  1.28987E-01
221,3.27784E-02,  6.10746E+00,  9.88011E-03,  1.28892E-01
222,3.28479E-02,  6.10765E+00,  9.87968E-03,  1.28798E-01
223,3.29173E-02,  6.10786E+00,  9.87925E-03,  1.28703E-01
224,3.29868E-02,  6.10801E+00,  9.87882E-03,  1.28608E-01
225,3.30562E-02,  6.10819E+00,  9.87840E-03,  1.28514E-01
226,3.31257E-02,  6.10838E+00,  9.87798E-03,  1.28419E-01
227,3.31951E-02,  6.10852E+00,  9.87756E-03,  1.28324E-01
228,3.32646E-02,  6.10868E+00,  9.87714E-03,  1.28230E-01
229,3.33340E-02,  6.10885E+00,  9.87673E-03,  1.28135E-01
230,3.34035E-02,  6.10898E+00,  9.87632E-03,  1.28040E-01
231,3.34729E-02,  6.10912E+00,  9.87591E-03,  1.27946E-01
232,3.35424E-02,  6.10929E+00,  9.87550E-03,  1.27851E-01
233,3.36118E-02,  6.10940E+00,  9.87509E-03,  1.27756E-01
234,3.36813E-02,  6.10953E+00,  9.87469E-03,  1.27662E-01
235,3.37507E-02,  6.10968E+00,  9.87429E-03,  1.27568E-01
236,3.38202E-02,  6.10978E+00,  9.87389E-03,  1.27473E-01
237,3.38896E-02,  6.10990E+00,  9.87350E-03,  1.27379E-01
238,3.39590E-02,  6.11003E+00,  9.87310E-03,  1.27284E-01
239,3.40285E-02,  6.11012E+00,  9.87272E-03,  1.27190E-01
240,3.40979E-02,  6.11022E+00,  9.87233E-03,  1.27096E-01
241,3.41674E-02,  6.11035E+00,  9.87194E-03,  1.27001E-01
242,3.42368E-02,  6.11042E+00,  9.87156E-03,  1.26907E-01
243,3.43063E-02,  6.11051E+00,  9.87118E-03,  1.26813E-01
244,3.43757E-02,  6.11062E+00,  9.87080E-03,  1.26718E-01
245,3.44452E-02,  6.11068E+00,  9.87042E-03,  1.26624E-01
246,3.45146E-02,  6.11076E+00,  9.87005E-03,  1.26530E-01
247,3.45841E-02,  6.11086E+00,  9.86968E-03,  1.26436E-01
248,3.46535E-02,  6.11090E+00,  9.86931E-03,  1.26341E-01
249,3.47230E-02,  6.11097E+00,  9.86894E-03,  1.26248E-01
250,3.47924E-02,  6.11106E+00,  9.86858E-03,  1.26154E-01
251,3.48619E-02,  6.11109E+00,  9.86822E-03,  1.26059E-01
252,3.49313E-02,  6.11115E+00,  9.86786E-03,  1.25966E-01
253,3.50008E-02,  6.11122E+00,  9.86750E-03,  1.25871E-01
254,3.50702E-02,  6.11124E+00,  9.86715E-03,  1.25777E-01
255,3.51397E-02,  6.11129E+00,  9.86680E-03,  1.25684E-01
256,3.52091E-02,  6.11135E+00,  9.86644E-03,  1.25590E-01
257,3.52786E-02,  6.11136E+00,  9.86610E-03,  1.25495E-01
258,3.53480E-02,  6.11139E+00,  9.86576E-03,  1.25402E-01
259,3.54175E-02,  6.11144E+00,  9.86541E-03,  1.25308E-01
260,3.54869E-02,  6.11144E+00,  9.86507E-03,  1.25214E-01
261,3.55564E-02,  6.11146E+00,  9.86474E-03,  1.25121E-01
262,3.56258E-02,  6.11150E+00,  9.86440E-03,  1.25027E-01
263,3.56952E-02,  6.11149E+00,  9.86407E-03,  1.24932E-01
264,3.57647E-02,  6.11150E+00,  9.86374E-03,  1.24839E-01
265,3.58341E-02,  6.11152E+00,  9.86341E-03,  1.24745E-01
266,3.59036E-02,  6.11150E+00,  9.86309E-03,  1.24651E-01
267,3.59730E-02,  6.11150E+00,  9.86276E-03,  1.24558E-01
268,3.60425E-02,  6.11152E+00,  9.86244E-03,  1.24464E-01
269,3.61119E-02,  6.11148E+00,  9.86212E-03,  1.24370E-01
270,3.61814E-02,  6.11147E+00,  9.86181E-03,  1.24278E-01
271,3.62508E-02,  6.11147E+00,  9.86149E-03,  1.24184E-01
272,3.63203E-02,  6.11143E+00,  9.86118E-03,  1.24090E-01
273,3.63897E-02,  6.11140E+00,  9.86088E-03,  1.23997E-01
274,3.64592E-02,  6.11140E+00,  9.86057E-03,  1.23903E-01
275,3.65286E-02,  6.11134E+00,  9.86027E-03,  1.23809E-01
276,3.65981E-02,  6.11131E+00,  9.85996E-03,  1.23717E-01
277,3.66675E-02,  6.11129E+00,  9.85966E-03,  1.23623E-01
278,3.67370E-02,  6.11122E+00,  9.85937E-03,  1.23529E-01
279,3.68064E-02,  6.11118E+00,  9.85908E-03,  1.23437E-01
280,3.68759E-02,  6.11115E+00,  9.85878E-03,  1.23343E-01
281,3.69453E-02,  6.11107E+00,  9.85849E-03,  1.23249E-01
282,3.70148E-02,  6.11102E+00,  9.85821E-03,  1.23157E-01
283,3.70842E-02,  6.11098E+00,  9.85792E-03,  1.23063E-01
284,3.71537E-02,  6.11089E+00,  9.85764E-03,  1.22970E-01
285,3.72231E-02,  6.11082E+00,  9.85736E-03,  1.22877E-01
286,3.72926E-02,  6.11077E+00,  9.85708E-03,  1.22783E-01
287,3.73620E-02,  6.11068E+00,  9.85681E-03,  1.22690E-01
288,3.74314E-02,  6.11060E+00,  9.85654E-03,  1.22598E-01
289,3.75009E-02,  6.11054E+00,  9.85627E-03,  1.22504E-01
290,3.75703E-02,  6.11043E+00,  9.85600E-03,  1.22411E-01
291,3.76398E-02,  6.11034E+00,  9.85574E-03,  1.22318E-01
292,3.77092E-02,  6.11027E+00,  9.85547E-03,  1.22225E-01
293,3.77787E-02,  6.11015E+00,  9.85521E-03,  1.22132E-01
294,3.78481E-02,  6.11005E+00,  9.85496E-03,  1.22039E-01
295,3.79176E-02,  6.10997E+00,  9.85470E-03,  1.21946E-01
296,3.79870E-02,  6.10984E+00,  9.85445E-03,  1.21853E-01
297,3.80565E-02,  6.10973E+00,  9.85420E-03,  1.21761E-01
298,3.81259E-02,  6.10965E+00,  9.85395E-03,  1.21667E-01
299,3.81954E-02,  6.10951E+00,  9.85370E-03,  1.21574E-01
300,3.82648E-02,  6.10939E+00,  9.85346E-03,  1.21482E-01
301,3.83343E-02,  6.10929E+00,  9.85322E-03,  1.21389E-01
302,3.84037E-02,  6.10914E+00,  9.85298E-03,  1.21296E-01
303,3.84732E-02,  6.10901E+00,  9.85275E-03,  1.21204E-01
304,3.85426E-02,  6.10890E+00,  9.85251E-03,  1.21111E-01
305,3.86121E-02,  6.10874E+00,  9.85228E-03,  1.21018E-01
306,3.86815E-02,  6.10860E+00,  9.85205E-03,  1.20926E-01
307,3.87510E-02,  6.10848E+00,  9.85182E-03,  1.20833E-01
308,3.88204E-02,  6.10831E+00,  9.85160E-03,  1.20740E-01
309,3.88898E-02,  6.10816E+00,  9.85138E-03,  1.20648E-01
310,3.89593E-02,  6.10803E+00,  9.85116E-03,  1.20555E-01
311,3.90287E-02,  6.10785E+00,  9.85095E-03,  1.20462E-01
312,3.90982E-02,  6.10769E+00,  9.85073E-03,  1.20370E-01
313,3.91676E-02,  6.10756E+00,  9.85052E-03,  1.20278E-01
314,3.92371E-02,  6.10737E+00,  9.85031E-03,  1.20185E-01
315,3.93065E-02,  6.10720E+00,  9.85010E-03,  1.20093E-01
316,3.93760E-02,  6.10706E+00,  9.84990E-03,  1.20000E-01
317,3.94454E-02,  6.10686E+00,  9.84970E-03,  1.19907E-01
318,3.95149E-02,  6.10669E+00,  9.84950E-03,  1.19816E-01
319,3.95843E-02,  6.10654E+00,  9.84930E-03,  1.19723E-01
320,3.96538E-02,  6.10633E+00,  9.84911E-03,  1.19631E-01
321,3.97232E-02,  6.10615E+00,  9.84891E-03,  1.19539E-01
322,3.97927E-02,  6.10599E+00,  9.84872E-03,  1.19446E-01
323,3.98621E-02,  6.10577E+00,  9.84854E-03,  1.19354E-01
324,3.99316E-02,  6.10557E+00,  9.84835E-03,  1.19262E-01
325,4.00010E-02,  6.10540E+00,  9.84817E-03,  1.19170E-01
326,4.00705E-02,  6.10519E+00,  9.84799E-03,  1.19077E-01
327,4.01399E-02,  6.10500E+00,  9.84781E-03,  1.18986E-01
328,4.02093E-02,  6.10482E+00,  9.84763E-03,  1.18894E-01
329,4.02788E-02,  6.10459E+00,  9.84746E-03,  1.18802E-01
330,4.03482E-02,  6.10438E+00,  9.84729E-03,  1.18710E-01
331,4.04177E-02,  6.10419E+00,  9.84712E-03,  1.18618E-01
332,4.04871E-02,  6.10395E+00,  9.84696E-03,  1.18526E-01
333,4.05566E-02,  6.10373E+00,  9.84680E-03,  1.18435E-01
334,4.06260E-02,  6.10354E+00,  9.84663E-03,  1.18343E-01
335,4.06955E-02,  6.10329E+00,  9.84648E-03,  1.18251E-01
336,4.07649E-02,  6.10306E+00,  9.84632E-03,  1.18160E-01
337,4.08344E-02,  6.10286E+00,  9.84617E-03,  1.18068E-01
338,4.09038E-02,  6.10260E+00,  9.84602E-03,  1.17977E-01
339,4.09733E-02,  6.10237E+00,  9.84587E-03,  1.17886E-01
340,4.10427E-02,  6.10215E+00,  9.84572E-03,  1.17794E-01
341,4.11122E-02,  6.10189E+00,  9.84558E-03,  1.17702E-01
342,4.11816E-02,  6.10165E+00,  9.84544E-03,  1.17611E-01
343,4.12511E-02,  6.10142E+00,  9.84530E-03,  1.17519E-01
344,4.13205E-02,  6.10115E+00,  9.84516E-03,  1.17428E-01
345,4.13900E-02,  6.10090E+00,  9.84503E-03,  1.17337E-01
346,4.14594E-02,  6.10067E+00,  9.84489E-03,  1.17245E-01
347,4.15288E-02,  6.10039E+00,  9.84477E-03,  1.17154E-01
348,4.15983E-02,  6.10013E+00,  9.84464E-03,  1.17063E-01
349,4.16677E-02,  6.09988E+00,  9.84451E-03,  1.16971E-01
350,4.17372E-02,  6.09959E+00,  9.84440E-03,  1.16880E-01
351,4.18066E-02,  6.09932E+00,  9.84428E-03,  1.16789E-01
352,4.18761E-02,  6.09907E+00,  9.84416E-03,  1.16698E-01
353,4.19455E-02,  6.09877E+00,  9.84404E-03,  1.16606E-01
354,4.20150E-02,  6.09849E+00,  9.84393E-03,  1.16516E-01
355,4.20844E-02,  6.09823E+00,  9.84382E-03,  1.16424E-01
356,4.21539E-02,  6.09791E+00,  9.84372E-03,  1.16333E-01
357,4.22233E-02,  6.09762E+00,  9.84361E-03,  1.16242E-01
358,4.22928E-02,  6.09735E+00,  9.84351E-03,  1.16151E-01
359,4.23622E-02,  6.09703E+00,  9.84341E-03,  1.16060E-01
360,4.24317E-02,  6.09672E+00,  9.84331E-03,  1.15969E-01
361,4.25011E-02,  6.09644E+00,  9.84321E-03,  1.15878E-01
362,4.25705E-02,  6.09611E+00,  9.84312E-03,  1.15787E-01
363,4.26400E-02,  6.09580E+00,  9.84303E-03,  1.15696E-01
364,4.27094E-02,  6.09550E+00,  9.84294E-03,  1.15605E-01
365,4.27789E-02,  6.09516E+00,  9.84286E-03,  1.15514E-01
366,4.28483E-02,  6.09483E+00,  9.84278E-03,  1.15424E-01
367,4.29178E-02,  6.09453E+00,  9.84270E-03,  1.15333E-01
368,4.29872E-02,  6.09418E+00,  9.84262E-03,  1.15242E-01
369,4.30567E-02,  6.09384E+00,  9.84255E-03,  1.15152E-01
370,4.31261E-02,  6.09353E+00,  9.84247E-03,  1.15061E-01
371,4.31956E-02,  6.09316E+00,  9.84240E-03,  1.14970E-01
372,4.32650E-02,  6.09281E+00,  9.84233E-03,  1.14880E-01
373,4.33345E-02,  6.09249E+00,  9.84227E-03,  1.14789E-01
374,4.34039E-02,  6.09211E+00,  9.84220E-03,  1.14698E-01
375,4.34734E-02,  6.09176E+00,  9.84214E-03,  1.14608E-01
376,4.35428E-02,  6.09142E+00,  9.84208E-03,  1.14517E-01
377,4.36123E-02,  6.09103E+00,  9.84203E-03,  1.14426E-01
378,4.36817E-02,  6.09066E+00,  9.84198E-03,  1.14336E-01
379,4.37511E-02,  6.09032E+00,  9.84192E-03,  1.14246E-01
380,4.38206E-02,  6.08992E+00,  9.84188E-03,  1.14155E-01
381,4.38900E-02,  6.08954E+00,  9.84183E-03,  1.14065E-01
382,4.39595E-02,  6.08918E+00,  9.84178E-03,  1.13975E-01
383,4.40289E-02,  6.08877E+00,  9.84175E-03,  1.13884E-01
384,4.40984E-02,  6.08838E+00,  9.84171E-03,  1.13794E-01
385,4.41678E-02,  6.08802E+00,  9.84167E-03,  1.13704E-01
386,4.42373E-02,  6.08759E+00,  9.84164E-03,  1.13613E-01
387,4.43067E-02,  6.08719E+00,  9.84161E-03,  1.13524E-01
388,4.43762E-02,  6.08682E+00,  9.84157E-03,  1.13433E-01
389,4.44456E-02,  6.08638E+00,  9.84155E-03,  1.13343E-01
390,4.45151E-02,  6.08597E+00,  9.84153E-03,  1.13253E-01
391,4.45845E-02,  6.08558E+00,  9.84150E-03,  1.13163E-01
392,4.46539E-02,  6.08514E+00,  9.84149E-03,  1.13073E-01
393,4.47234E-02,  6.08472E+00,  9.84147E-03,  1.12983E-01
394,4.47928E-02,  6.08432E+00,  9.84145E-03,  1.12893E-01
395,4.48623E-02,  6.08386E+00,  9.84144E-03,  1.12803E-01
396,4.49317E-02,  6.08343E+00,  9.84143E-03,  1.12714E-01
397,4.50012E-02,  6.08302E+00,  9.84142E-03,  1.12623E-01
398,4.50706E-02,  6.08255E+00,  9.84142E-03,  1.12533E-01
399,4.51401E-02,  6.08211E+00,  9.84142E-03,  1.12444E-01
400,4.52095E-02,  6.08169E+00,  9.84142E-03,  1.12354E-01
401,4.52790E-02,  6.08121E+00,  9.84142E-03,  1.12264E-01
402,4.53484E-02,  6.08076E+00,  9.84143E-03,  1.12175E-01
403,4.54179E-02,  6.08032E+00,  9.84143E-03,  1.12085E-01
404,4.54873E-02,  6.07984E+00,  9.84145E-03,  1.11995E-01
405,4.55567E-02,  6.07937E+00,  9.84146E-03,  1.11906E-01
406,4.56262E-02,  6.07893E+00,  9.84147E-03,  1.11816E-01
407,4.56956E-02,  6.07843E+00,  9.84149E-03,  1.11726E-01
408,4.57651E-02,  6.07795E+00,  9.84151E-03,  1.11638E-01
409,4.58345E-02,  6.07750E+00,  9.84153E-03,  1.11548E-01
410,4.59040E-02,  6.07699E+00,  9.84156E-03,  1.11458E-01
411,4.59734E-02,  6.07650E+00,  9.84159E-03,  1.11369E-01
412,4.60429E-02,  6.07604E+00,  9.84161E-03,  1.11280E-01
413,4.61123E-02,  6.07552E+00,  9.84165E-03,  1.11190E-01
414,4.61818E-02,  6.07502E+00,  9.84168E-03,  1.11102E-01
415,4.62512E-02,  6.07454E+00,  9.84172E-03,  1.11012E-01
416,4.63207E-02,  6.07401E+00,  9.84176E-03,  1.10922E-01
417,4.63901E-02,  6.07351E+00,  9.84180E-03,  1.10834E-01
418,4.64595E-02,  6.07302E+00,  9.84184E-03,  1.10745E-01
419,4.65290E-02,  6.07248E+00,  9.84189E-03,  1.10655E-01
420,4.65984E-02,  6.07196E+00,  9.84194E-03,  1.10567E-01
421,4.66679E-02,  6.07146E+00,  9.84199E-03,  1.10477E-01
422,4.67373E-02,  6.07091E+00,  9.84205E-03,  1.10388E-01
423,4.68068E-02,  6.07038E+00,  9.84210E-03,  1.10300E-01
424,4.68762E-02,  6.06987E+00,  9.84216E-03,  1.10210E-01
425,4.69457E-02,  6.06930E+00,  9.84223E-03,  1.10121E-01
426,4.70151E-02,  6.06876E+00,  9.84229E-03,  1.10033E-01
427,4.70846E-02,  6.06824E+00,  9.84235E-03,  1.09944E-01
428,4.71540E-02,  6.06767E+00,  9.84243E-03,  1.09855E-01
429,4.72235E-02,  6.06712E+00,  9.84250E-03,  1.09767E-01
430,4.72929E-02,  6.06659E+00,  9.84257E-03,  1.09678E-01
431,4.73623E-02,  6.06600E+00,  9.84265E-03,  1.09589E-01
432,4.74318E-02,  6.06544E+00,  9.84273E-03,  1.09501E-01
433,4.75012E-02,  6.06490E+00,  9.84280E-03,  1.09412E-01
434,4.75707E-02,  6.06430E+00,  9.84289E-03,  1.09323E-01
435,4.76401E-02,  6.06373E+00,  9.84298E-03,  1.09235E-01
436,4.77096E-02,  6.06317E+00,  9.84306E-03,  1.09146E-01
437,4.77790E-02,  6.06257E+00,  9.84316E-03,  1.09058E-01
438,4.78485E-02,  6.06198E+00,  9.84325E-03,  1.08970E-01
439,4.79179E-02,  6.06142E+00,  9.84334E-03,  1.08881E-01
440,4.79874E-02,  6.06080E+00,  9.84345E-03,  1.08792E-01
441,4.80568E-02,  6.06021E+00,  9.84355E-03,  1.08705E-01
442,4.81262E-02,  6.05963E+00,  9.84365E-03,  1.08616E-01
443,4.81957E-02,  6.05901E+00,  9.84376E-03,  1.08528E-01
444,4.82651E-02,  6.05840E+00,  9.84386E-03,  1.08440E-01
445,4.83346E-02,  6.05781E+00,  9.84397E-03,  1.08352E-01
446,4.84040E-02,  6.05718E+00,  9.84409E-03,  1.08263E-01
447,4.84735E-02,  6.05656E+00,  9.84420E-03,  1.08176E-01
448,4.85429E-02,  6.05596E+00,  9.84432E-03,  1.08087E-01
449,4.86124E-02,  6.05532E+00,  9.84444E-03,  1.07999E-01
450,4.86818E-02,  6.05469E+00,  9.84457E-03,  1.07912E-01
451,4.87512E-02,  6.05408E+00,  9.84469E-03,  1.07824E-01
452,4.88207E-02,  6.05343E+00,  9.84482E-03,  1.07735E-01
453,4.88901E-02,  6.05279E+00,  9.84495E-03,  1.07648E-01
454,4.89596E-02,  6.05217E+00,  9.84508E-03,  1.07560E-01
455,4.90290E-02,  6.05151E+00,  9.84522E-03,  1.07472E-01
456,4.90985E-02,  6.05086E+00,  9.84536E-03,  1.07385E-01
457,4.91679E-02,  6.05023E+00,  9.84549E-03,  1.07297E-01
458,4.92374E-02,  6.04956E+00,  9.84564E-03,  1.07209E-01
459,4.93068E-02,  6.04890E+00,  9.84579E-03,  1.07122E-01
460,4.93763E-02,  6.04827E+00,  9.84593E-03,  1.07034E-01
461,4.94457E-02,  6.04758E+00,  9.84608E-03,  1.06946E-01
462,4.95151E-02,  6.04692E+00,  9.84624E-03,  1.06859E-01
463,4.95846E-02,  6.04627E+00,  9.84639E-03,  1.06771E-01
464,4.96540E-02,  6.04558E+00,  9.84655E-03,  1.06683E-01
465,4.97235E-02,  6.04490E+00,  9.84671E-03,  1.06597E-01
466,4.97929E-02,  6.04425E+00,  9.84687E-03,  1.06509E-01
467,4.98624E-02,  6.04354E+00,  9.84704E-03,  1.06421E-01
468,4.99318E-02,  6.04284E+00,  9.84720E-03,  1.06334E-01
469,5.00013E-02,  6.04218E+00,  9.84737E-03,  1.06247E-01
470,5.00707E-02,  6.04147E+00,  9.84755E-03,  1.06159E-01
471,5.01401E-02,  6.04079E+00,  9.84772E-03,  1.06073E-01
472,5.02096E-02,  6.04011E+00,  9.84790E-03,  1.05986E-01
473,5.02790E-02,  6.03938E+00,  9.84808E-03,  1.05898E-01
474,5.03485E-02,  6.03867E+00,  9.84826E-03,  1.05812E-01
475,5.04179E-02,  6.03798E+00,  9.84844E-03,  1.05725E-01
476,5.04874E-02,  6.03725E+00,  9.84863E-03,  1.05638E-01
477,5.05568E-02,  6.03653E+00,  9.84882E-03,  1.05552E-01
478,5.06263E-02,  6.03583E+00,  9.84901E-03,  1.05465E-01
479,5.06957E-02,  6.03509E+00,  9.84921E-03,  1.05378E-01
480,5.07652E-02,  6.03436E+00,  9.84941E-03,  1.05292E-01
481,5.08346E-02,  6.03366E+00,  9.84960E-03,  1.05206E-01
482,5.09040E-02,  6.03290E+00,  9.84981E-03,  1.05119E-01
483,5.09735E-02,  6.03217E+00,  9.85001E-03,  1.05033E-01
484,5.10429E-02,  6.03145E+00,  9.85022E-03,  1.04946E-01
485,5.11124E-02,  6.03069E+00,  9.85043E-03,  1.04860E-01
486,5.11818E-02,  6.02995E+00,  9.85064E-03,  1.04774E-01
487,5.12513E-02,  6.02922E+00,  9.85085E-03,  1.04687E-01
488,5.13207E-02,  6.02845E+00,  9.85107E-03,  1.04601E-01
489,5.13901E-02,  6.02770E+00,  9.85129E-03,  1.04515E-01
490,5.14596E-02,  6.02696E+00,  9.85151E-03,  1.04429E-01
491,5.15290E-02,  6.02618E+00,  9.85174E-03,  1.04342E-01
492,5.15985E-02,  6.02542E+00,  9.85197E-03,  1.04257E-01
493,5.16679E-02,  6.02467E+00,  9.85219E-03,  1.04170E-01
494,5.17374E-02,  6.02388E+00,  9.85243E-03,  1.04084E-01
495,5.18068E-02,  6.02311E+00,  9.85266E-03,  1.03999E-01
496,5.18763E-02,  6.02235E+00,  9.85290E-03,  1.03912E-01
497,5.19457E-02,  6.02155E+00,  9.85314E-03,  1.03826E-01
498,5.20151E-02,  6.02076E+00,  9.85338E-03,  1.03741E-01
499,5.20846E-02,  6.02000E+00,  9.85362E-03,  1.03655E-01
500,5.21540E-02,  6.01918E+00,  9.85387E-03,  1.03569E-01
501,5.22235E-02,  6.01838E+00,  9.85412E-03,  1.03484E-01
502,5.22929E-02,  6.01761E+00,  9.85437E-03,  1.03398E-01
503,5.23624E-02,  6.01678E+00,  9.85462E-03,  1.03312E-01
504,5.24318E-02,  6.01597E+00,  9.85488E-03,  1.03227E-01
505,5.25013E-02,  6.01518E+00,  9.85514E-03,  1.03141E-01
506,5.25707E-02,  6.01434E+00,  9.85540E-03,  1.03055E-01
507,5.26401E-02,  6.01352E+00,  9.85566E-03,  1.02970E-01
508,5.27096E-02,  6.01272E+00,  9.85593E-03,  1.02884E-01
509,5.27790E-02,  6.01187E+00,  9.85620E-03,  1.02799E-01
510,5.28485E-02,  6.01104E+00,  9.85647E-03,  1.02714E-01
511,5.29179E-02,  6.01023E+00,  9.85674E-03,  1.02628E-01
512,5.29874E-02,  6.00936E+00,  9.85702E-03,  1.02543E-01
513,5.30568E-02,  6.00852E+00,  9.85730E-03,  1.02458E-01
514,5.31262E-02,  6.00770E+00,  9.85758E-03,  1.02373E-01
515,5.31957E-02,  6.00682E+00,  9.85787E-03,  1.02287E-01
516,5.32651E-02,  6.00596E+00,  9.85815E-03,  1.02203E-01
517,5.33346E-02,  6.00513E+00,  9.85844E-03,  1.02118E-01
518,5.34040E-02,  6.00424E+00,  9.85873E-03,  1.02032E-01
519,5.34735E-02,  6.00337E+00,  9.85903E-03,  1.01948E-01
520,5.35429E-02,  6.00252E+00,  9.85932E-03,  1.01863E-01
521,5.36124E-02,  6.00162E+00,  9.85962E-03,  1.01777E-01
522,5.36818E-02,  6.00074E+00,  9.85992E-03,  1.01693E-01
523,5.37512E-02,  5.99988E+00,  9.86022E-03,  1.01608E-01
524,5.38207E-02,  5.99897E+00,  9.86053E-03,  1.01523E-01
525,5.38901E-02,  5.99808E+00,  9.86084E-03,  1.01439E-01
526,5.39596E-02,  5.99721E+00,  9.86115E-03,  1.01354E-01
527,5.40290E-02,  5.99628E+00,  9.86146E-03,  1.01269E-01
528,5.40985E-02,  5.99538E+00,  9.86178E-03,  1.01185E-01
529,5.41679E-02,  5.99449E+00,  9.86210E-03,  1.01101E-01
530,5.42373E-02,  5.99355E+00,  9.86242E-03,  1.01016E-01
531,5.43068E-02,  5.99264E+00,  9.86274E-03,  1.00932E-01
532,5.43762E-02,  5.99174E+00,  9.86307E-03,  1.00847E-01
533,5.44457E-02,  5.99079E+00,  9.86340E-03,  1.00763E-01
534,5.45151E-02,  5.98986E+00,  9.86373E-03,  1.00679E-01
535,5.45846E-02,  5.98895E+00,  9.86406E-03,  1.00595E-01
536,5.46540E-02,  5.98799E+00,  9.86440E-03,  1.00510E-01
537,5.47234E-02,  5.98704E+00,  9.86474E-03,  1.00427E-01
538,5.47929E-02,  5.98612E+00,  9.86507E-03,  1.00342E-01
539,5.48623E-02,  5.98515E+00,  9.86542E-03,  1.00258E-01
540,5.49318E-02,  5.98419E+00,  9.86577E-03,  1.00174E-01
541,5.50012E-02,  5.98326E+00,  9.86611E-03,  1.00090E-01
542,5.50707E-02,  5.98227E+00,  9.86646E-03,  1.00006E-01
543,5.51401E-02,  5.98130E+00,  9.86682E-03,  9.99228E-02
544,5.52095E-02,  5.98035E+00,  9.86717E-03,  9.98387E-02
545,5.52790E-02,  5.97935E+00,  9.86753E-03,  9.97546E-02
546,5.53484E-02,  5.97837E+00,  9.86789E-03,  9.96716E-02
547,5.54179E-02,  5.97741E+00,  9.86825E-03,  9.95876E-02
548,5.54873E-02,  5.97640E+00,  9.86862E-03,  9.95037E-02
549,5.55568E-02,  5.97540E+00,  9.86899E-03,  9.94208E-02
550,5.56262E-02,  5.97443E+00,  9.86936E-03,  9.93370E-02
551,5.56956E-02,  5.97341E+00,  9.86973E-03,  9.92532E-02
552,5.57651E-02,  5.97240E+00,  9.87011E-03,  9.91705E-02
553,5.58345E-02,  5.97141E+00,  9.87048E-03,  9.90868E-02
554,5.59040E-02,  5.97037E+00,  9.87087E-03,  9.90031E-02
555,5.59734E-02,  5.96935E+00,  9.87125E-03,  9.89206E-02
556,5.60429E-02,  5.96835E+00,  9.87163E-03,  9.88370E-02
557,5.61123E-02,  5.96730E+00,  9.87202E-03,  9.87535E-02
558,5.61817E-02,  5.96627E+00,  9.87242E-03,  9.86711E-02
559,5.62512E-02,  5.96526E+00,  9.87281E-03,  9.85877E-02
560,5.63206E-02,  5.96419E+00,  9.87320E-03,  9.85044E-02
561,5.63901E-02,  5.96315E+00,  9.87360E-03,  9.84221E-02
562,5.64595E-02,  5.96212E+00,  9.87400E-03,  9.83389E-02
563,5.65289E-02,  5.96104E+00,  9.87441E-03,  9.82557E-02
564,5.65984E-02,  5.95998E+00,  9.87481E-03,  9.81736E-02
565,5.66678E-02,  5.95894E+00,  9.87522E-03,  9.80905E-02
566,5.67373E-02,  5.95785E+00,  9.87563E-03,  9.80075E-02
567,5.68067E-02,  5.95678E+00,  9.87604E-03,  9.79255E-02
568,5.68762E-02,  5.95573E+00,  9.87646E-03,  9.78426E-02
569,5.69456E-02,  5.95462E+00,  9.87688E-03,  9.77597E-02
570,5.70150E-02,  5.95354E+00,  9.87730E-03,  9.76779E-02
571,5.70845E-02,  5.95247E+00,  9.87772E-03,  9.75951E-02
572,5.71539E-02,  5.95135E+00,  9.87814E-03,  9.75124E-02
573,5.72234E-02,  5.95025E+00,  9.87857E-03,  9.74308E-02
574,5.72928E-02,  5.94917E+00,  9.87900E-03,  9.73481E-02
575,5.73623E-02,  5.94804E+00,  9.87944E-03,  9.72656E-02
576,5.74317E-02,  5.94693E+00,  9.87987E-03,  9.71841E-02
577,5.75011E-02,  5.94583E+00,  9.88031E-03,  9.71016E-02
578,5.75706E-02,  5.94469E+00,  9.88075E-03,  9.70192E-02
579,5.76400E-02,  5.94356E+00,  9.88119E-03,  9.69379E-02
580,5.77095E-02,  5.94245E+00,  9.88164E-03,  9.68556E-02
581,5.77789E-02,  5.94129E+00,  9.88209E-03,  9.67733E-02
582,5.78483E-02,  5.94015E+00,  9.88254E-03,  9.66921E-02
583,5.79178E-02,  5.93903E+00,  9.88299E-03,  9.66100E-02
584,5.79872E-02,  5.93786E+00,  9.88344E-03,  9.65279E-02
585,5.80567E-02,  5.93670E+00,  9.88390E-03,  9.64469E-02
586,5.81261E-02,  5.93557E+00,  9.88436E-03,  9.63649E-02
587,5.81955E-02,  5.93438E+00,  9.88483E-03,  9.62830E-02
588,5.82650E-02,  5.93321E+00,  9.88529E-03,  9.62021E-02
589,5.83344E-02,  5.93206E+00,  9.88576E-03,  9.61203E-02
590,5.84039E-02,  5.93086E+00,  9.88623E-03,  9.60385E-02
591,5.84733E-02,  5.92967E+00,  9.88670E-03,  9.59578E-02
592,5.85428E-02,  5.92851E+00,  9.88718E-03,  9.58762E-02
593,5.86122E-02,  5.92730E+00,  9.88766E-03,  9.57946E-02
594,5.86816E-02,  5.92610E+00,  9.88814E-03,  9.57140E-02
595,5.87511E-02,  5.92492E+00,  9.88862E-03,  9.56325E-02
596,5.88205E-02,  5.92369E+00,  9.88910E-03,  9.55511E-02
597,5.88900E-02,  5.92248E+00,  9.88959E-03,  9.54707E-02
598,5.89594E-02,  5.92129E+00,  9.89008E-03,  9.53894E-02
599,5.90288E-02,  5.92004E+00,  9.89058E-03,  9.53081E-02
600,5.90983E-02,  5.91881E+00,  9.89107E-03,  9.52279E-02
601,5.91677E-02,  5.91761E+00,  9.89157E-03,  9.51467E-02
602,5.92372E-02,  5.91635E+00,  9.89207E-03,  9.50656E-02
603,5.93066E-02,  5.91511E+00,  9.89257E-03,  9.49855E-02
604,5.93760E-02,  5.91389E+00,  9.89307E-03,  9.49045E-02
605,5.94455E-02,  5.91262E+00,  9.89359E-03,  9.48235E-02
606,5.95149E-02,  5.91137E+00,  9.89410E-03,  9.47437E-02
607,5.95844E-02,  5.91013E+00,  9.89461E-03,  9.46628E-02
608,5.96538E-02,  5.90884E+00,  9.89512E-03,  9.45819E-02
609,5.97232E-02,  5.90757E+00,  9.89564E-03,  9.45022E-02
610,5.97927E-02,  5.90632E+00,  9.89616E-03,  9.44214E-02
611,5.98621E-02,  5.90501E+00,  9.89669E-03,  9.43407E-02
612,5.99316E-02,  5.90372E+00,  9.89721E-03,  9.42611E-02
613,6.00010E-02,  5.90245E+00,  9.89774E-03,  9.41804E-02
614,6.00705E-02,  5.90115E+00,  9.89827E-03,  9.40999E-02
615,6.01399E-02,  5.89985E+00,  9.89880E-03,  9.40207E-02
616,6.02093E-02,  5.89857E+00,  9.89933E-03,  9.39406E-02
617,6.02788E-02,  5.89723E+00,  9.89987E-03,  9.38606E-02
618,6.03482E-02,  5.89591E+00,  9.90042E-03,  9.37817E-02
619,6.04177E-02,  5.89461E+00,  9.90096E-03,  9.37019E-02
620,6.04871E-02,  5.89325E+00,  9.90150E-03,  9.36221E-02
621,6.05565E-02,  5.89192E+00,  9.90205E-03,  9.35434E-02
622,6.06260E-02,  5.89060E+00,  9.90260E-03,  9.34637E-02
623,6.06954E-02,  5.88923E+00,  9.90315E-03,  9.33841E-02
624,6.07649E-02,  5.88788E+00,  9.90371E-03,  9.33056E-02
625,6.08343E-02,  5.88655E+00,  9.90427E-03,  9.32261E-02
626,6.09037E-02,  5.88517E+00,  9.90483E-03,  9.31466E-02
627,6.09732E-02,  5.88380E+00,  9.90539E-03,  9.30682E-02
628,6.10426E-02,  5.88246E+00,  9.90595E-03,  9.29889E-02
629,6.11121E-02,  5.88106E+00,  9.90653E-03,  9.29096E-02
630,6.11815E-02,  5.87968E+00,  9.90710E-03,  9.28315E-02
631,6.12509E-02,  5.87832E+00,  9.90767E-03,  9.27523E-02
632,6.13204E-02,  5.87690E+00,  9.90824E-03,  9.26732E-02
633,6.13898E-02,  5.87550E+00,  9.90882E-03,  9.25952E-02
634,6.14593E-02,  5.87412E+00,  9.90940E-03,  9.25163E-02
635,6.15287E-02,  5.87269E+00,  9.90999E-03,  9.24373E-02
636,6.15981E-02,  5.87127E+00,  9.91057E-03,  9.23595E-02
637,6.16676E-02,  5.86987E+00,  9.91116E-03,  9.22807E-02
638,6.17370E-02,  5.86842E+00,  9.91175E-03,  9.22020E-02
639,6.18064E-02,  5.86698E+00,  9.91234E-03,  9.21244E-02
640,6.18759E-02,  5.86557E+00,  9.91294E-03,  9.20458E-02
641,6.19453E-02,  5.86409E+00,  9.91354E-03,  9.19673E-02
642,6.20148E-02,  5.86264E+00,  9.91414E-03,  9.18898E-02
643,6.20842E-02,  5.86120E+00,  9.91474E-03,  9.18114E-02
644,6.21536E-02,  5.85971E+00,  9.91535E-03,  9.17331E-02
645,6.22231E-02,  5.85823E+00,  9.91595E-03,  9.16558E-02
646,6.22925E-02,  5.85677E+00,  9.91656E-03,  9.15776E-02
647,6.23620E-02,  5.85526E+00,  9.91718E-03,  9.14995E-02
648,6.24314E-02,  5.85376E+00,  9.91779E-03,  9.14224E-02
649,6.25008E-02,  5.85228E+00,  9.91841E-03,  9.13444E-02
650,6.25703E-02,  5.85074E+00,  9.91903E-03,  9.12665E-02
651,6.26397E-02,  5.84922E+00,  9.91966E-03,  9.11896E-02
652,6.27092E-02,  5.84772E+00,  9.92028E-03,  9.11118E-02
653,6.27786E-02,  5.84616E+00,  9.92091E-03,  9.10341E-02
654,6.28480E-02,  5.84462E+00,  9.92154E-03,  9.09574E-02
655,6.29175E-02,  5.84309E+00,  9.92217E-03,  9.08799E-02
656,6.29869E-02,  5.84151E+00,  9.92281E-03,  9.08023E-02
657,6.30564E-02,  5.83994E+00,  9.92345E-03,  9.07259E-02
658,6.31258E-02,  5.83839E+00,  9.92409E-03,  9.06485E-02
659,6.31952E-02,  5.83679E+00,  9.92473E-03,  9.05712E-02
660,6.32647E-02,  5.83520E+00,  9.92538E-03,  9.04950E-02
661,6.33341E-02,  5.83362E+00,  9.92602E-03,  9.04178E-02
662,6.34035E-02,  5.83199E+00,  9.92668E-03,  9.03407E-02
663,6.34730E-02,  5.83037E+00,  9.92733E-03,  9.02647E-02
664,6.35424E-02,  5.82878E+00,  9.92798E-03,  9.01878E-02
665,6.36119E-02,  5.82712E+00,  9.92864E-03,  9.01109E-02
666,6.36813E-02,  5.82548E+00,  9.92930E-03,  9.00351E-02
667,6.37507E-02,  5.82385E+00,  9.92997E-03,  8.99584E-02
668,6.38202E-02,  5.82217E+00,  9.93063E-03,  8.98817E-02
669,6.38896E-02,  5.82050E+00,  9.93130E-03,  8.98062E-02
670,6.39590E-02,  5.81885E+00,  9.93197E-03,  8.97297E-02
671,6.40285E-02,  5.81714E+00,  9.93265E-03,  8.96532E-02
672,6.40979E-02,  5.81544E+00,  9.93332E-03,  8.95779E-02
673,6.41674E-02,  5.81376E+00,  9.93400E-03,  8.95016E-02
674,6.42368E-02,  5.81202E+00,  9.93468E-03,  8.94254E-02
675,6.43062E-02,  5.81029E+00,  9.93537E-03,  8.93503E-02
676,6.43757E-02,  5.80858E+00,  9.93605E-03,  8.92743E-02
677,6.44451E-02,  5.80682E+00,  9.93674E-03,  8.91983E-02
678,6.45146E-02,  5.80506E+00,  9.93743E-03,  8.91235E-02
679,6.45840E-02,  5.80332E+00,  9.93812E-03,  8.90477E-02
680,6.46534E-02,  5.80152E+00,  9.93882E-03,  8.89720E-02
681,6.47229E-02,  5.79974E+00,  9.93952E-03,  8.88974E-02
682,6.47923E-02,  5.79796E+00,  9.94022E-03,  8.88218E-02
683,6.48617E-02,  5.79613E+00,  9.94092E-03,  8.87463E-02
684,6.49312E-02,  5.79432E+00,  9.94163E-03,  8.86720E-02
685,6.50006E-02,  5.79251E+00,  9.94234E-03,  8.85967E-02
686,6.50701E-02,  5.79065E+00,  9.94305E-03,  8.85215E-02
687,6.51395E-02,  5.78880E+00,  9.94376E-03,  8.84473E-02
688,6.52089E-02,  5.78696E+00,  9.94448E-03,  8.83723E-02
689,6.52784E-02,  5.78506E+00,  9.94520E-03,  8.82973E-02
690,6.53478E-02,  5.78317E+00,  9.94592E-03,  8.82235E-02
691,6.54172E-02,  5.78130E+00,  9.94664E-03,  8.81487E-02
692,6.54867E-02,  5.77936E+00,  9.94737E-03,  8.80740E-02
693,6.55561E-02,  5.77744E+00,  9.94810E-03,  8.80004E-02
694,6.56256E-02,  5.77553E+00,  9.94883E-03,  8.79259E-02
695,6.56950E-02,  5.77355E+00,  9.94957E-03,  8.78514E-02
696,6.57644E-02,  5.77159E+00,  9.95030E-03,  8.77781E-02
697,6.58339E-02,  5.76964E+00,  9.95104E-03,  8.77038E-02
698,6.59033E-02,  5.76763E+00,  9.95178E-03,  8.76297E-02
699,6.59727E-02,  5.76562E+00,  9.95253E-03,  8.75566E-02
700,6.60422E-02,  5.76363E+00,  9.95327E-03,  8.74827E-02
701,6.61116E-02,  5.76157E+00,  9.95402E-03,  8.74088E-02
702,6.61810E-02,  5.75953E+00,  9.95477E-03,  8.73360E-02
703,6.62505E-02,  5.75749E+00,  9.95552E-03,  8.72623E-02
704,6.63199E-02,  5.75539E+00,  9.95628E-03,  8.71887E-02
705,6.63894E-02,  5.75330E+00,  9.95704E-03,  8.71162E-02
706,6.64588E-02,  5.75121E+00,  9.95780E-03,  8.70428E-02
707,6.65282E-02,  5.74906E+00,  9.95857E-03,  8.69695E-02
708,6.65977E-02,  5.74692E+00,  9.95934E-03,  8.68973E-02
709,6.66671E-02,  5.74479E+00,  9.96010E-03,  8.68242E-02
710,6.67365E-02,  5.74259E+00,  9.96088E-03,  8.67512E-02
711,6.68060E-02,  5.74039E+00,  9.96165E-03,  8.66793E-02
712,6.68754E-02,  5.73820E+00,  9.96243E-03,  8.66065E-02
713,6.69448E-02,  5.73595E+00,  9.96321E-03,  8.65337E-02
714,6.70143E-02,  5.73370E+00,  9.96399E-03,  8.64622E-02
715,6.70837E-02,  5.73145E+00,  9.96477E-03,  8.63897E-02
716,6.71532E-02,  5.72914E+00,  9.96556E-03,  8.63173E-02
717,6.72226E-02,  5.72683E+00,  9.96635E-03,  8.62460E-02
718,6.72920E-02,  5.72452E+00,  9.96714E-03,  8.61738E-02
719,6.73615E-02,  5.72214E+00,  9.96794E-03,  8.61017E-02
720,6.74309E-02,  5.71976E+00,  9.96873E-03,  8.60308E-02
721,6.75003E-02,  5.71738E+00,  9.96953E-03,  8.59589E-02
722,6.75698E-02,  5.71493E+00,  9.97034E-03,  8.58872E-02
723,6.76392E-02,  5.71247E+00,  9.97114E-03,  8.58166E-02
724,6.77086E-02,  5.71001E+00,  9.97194E-03,  8.57450E-02
725,6.77781E-02,  5.70748E+00,  9.97276E-03,  8.56736E-02
726,6.78475E-02,  5.70494E+00,  9.97357E-03,  8.56033E-02
727,6.79170E-02,  5.70240E+00,  9.97438E-03,  8.55322E-02
728,6.79864E-02,  5.69978E+00,  9.97520E-03,  8.54611E-02
729,6.80558E-02,  5.69715E+00,  9.97602E-03,  8.53912E-02
730,6.81253E-02,  5.69451E+00,  9.97684E-03,  8.53204E-02
731,6.81947E-02,  5.69178E+00,  9.97767E-03,  8.52497E-02
732,6.82641E-02,  5.68904E+00,  9.97850E-03,  8.51801E-02
733,6.83336E-02,  5.68628E+00,  9.97932E-03,  8.51096E-02
734,6.84030E-02,  5.68344E+00,  9.98016E-03,  8.50393E-02
735,6.84724E-02,  5.68057E+00,  9.98099E-03,  8.49701E-02
736,6.85419E-02,  5.67767E+00,  9.98183E-03,  8.49000E-02
737,6.86113E-02,  5.67468E+00,  9.98267E-03,  8.48300E-02
738,6.86807E-02,  5.67165E+00,  9.98351E-03,  8.47612E-02
739,6.87502E-02,  5.66858E+00,  9.98436E-03,  8.46915E-02
740,6.88196E-02,  5.66540E+00,  9.98521E-03,  8.46218E-02
741,6.88890E-02,  5.66217E+00,  9.98606E-03,  8.45534E-02
742,6.89585E-02,  5.65888E+00,  9.98691E-03,  8.44840E-02
743,6.90279E-02,  5.65545E+00,  9.98776E-03,  8.44147E-02
744,6.90974E-02,  5.65193E+00,  9.98862E-03,  8.43465E-02
745,6.91668E-02,  5.64832E+00,  9.98948E-03,  8.42774E-02
746,6.92362E-02,  5.64453E+00,  9.99034E-03,  8.42084E-02
747,6.93057E-02,  5.64062E+00,  9.99121E-03,  8.41406E-02
748,6.93751E-02,  5.63657E+00,  9.99207E-03,  8.40719E-02
749,6.94445E-02,  5.63231E+00,  9.99295E-03,  8.40032E-02
750,6.95140E-02,  5.62783E+00,  9.99382E-03,  8.39347E-02
751,6.95834E-02,  5.62298E+00,  9.99469E-03,  8.38626E-02
752,6.96528E-02,  5.61725E+00,  9.99557E-03,  8.37847E-02
753,6.97223E-02,  5.60991E+00,  9.99645E-03,  8.36988E-02
754,6.97917E-02,  5.59974E+00,  9.99734E-03,  8.36038E-02
755,6.98611E-02,  5.58586E+00,  9.99822E-03,  8.35177E-02
756,6.99306E-02,  5.56994E+00,  9.99911E-03,  8.34948E-02
757,7.00000E-02,  5.57308E+00,  1.00000E-02,  8.36458E-02
758,7.02466E-02,  5.60506E+00,  1.00000E-02,  8.34965E-02
759,7.04994E-02,  5.64055E+00,  1.00000E-02,  8.31772E-02
760,7.07586E-02,  5.66546E+00,  1.00000E-02,  8.28809E-02
761,7.10244E-02,  5.68449E+00,  1.00000E-02,  8.25770E-02
762,7.12969E-02,  5.70066E+00,  1.00000E-02,  8.22632E-02
763,7.15764E-02,  5.71450E+00,  1.00000E-02,  8.19382E-02
764,7.18629E-02,  5.72661E+00,  1.00000E-02,  8.16032E-02
765,7.21567E-02,  5.73728E+00,  1.00000E-02,  8.12576E-02
766,7.24580E-02,  5.74680E+00,  1.00000E-02,  8.09018E-02
767,7.27669E-02,  5.75533E+00,  1.00000E-02,  8.05356E-02
768,7.30837E-02,  5.76300E+00,  1.00000E-02,  8.01590E-02
769,7.34084E-02,  5.76993E+00,  1.00000E-02,  7.97718E-02
770,7.37415E-02,  5.77620E+00,  1.00000E-02,  7.93739E-02
771,7.40829E-02,  5.78186E+00,  1.00000E-02,  7.89652E-02
772,7.44331E-02,  5.78699E+00,  1.00000E-02,  7.85456E-02
773,7.47921E-02,  5.79162E+00,  1.00000E-02,  7.81148E-02
774,7.51602E-02,  5.79580E+00,  1.00000E-02,  7.76728E-02
775,7.55377E-02,  5.79957E+00,  1.00000E-02,  7.72193E-02
776,7.59247E-02,  5.80295E+00,  1.00000E-02,  7.67541E-02
777,7.63216E-02,  5.80597E+00,  1.00000E-02,  7.62769E-02
778,7.67285E-02,  5.80867E+00,  1.00000E-02,  7.57876E-02
779,7.71458E-02,  5.81106E+00,  1.00000E-02,  7.52859E-02
780,7.75736E-02,  5.81318E+00,  1.00000E-02,  7.47716E-02
781,7.80123E-02,  5.81503E+00,  1.00000E-02,  7.42443E-02
782,7.84621E-02,  5.81665E+00,  1.00000E-02,  7.37039E-02
783,7.89234E-02,  5.81806E+00,  1.00000E-02,  7.31499E-02
784,7.93963E-02,  5.81927E+00,  1.00000E-02,  7.25821E-02
785,7.98812E-02,  5.82030E+00,  1.00000E-02,  7.20002E-02
786,8.03785E-02,  5.82117E+00,  1.00000E-02,  7.14038E-02
787,8.08883E-02,  5.82190E+00,  1.00000E-02,  7.07926E-02
788,8.14111E-02,  5.82250E+00,  1.00000E-02,  7.01662E-02
789,8.19472E-02,  5.82300E+00,  1.00000E-02,  6.95242E-02
790,8.24968E-02,  5.82340E+00,  1.00000E-02,  6.88662E-02
791,8.30604E-02,  5.82372E+00,  1.00000E-02,  6.81918E-02
792,8.36383E-02,  5.82398E+00,  1.00000E-02,  6.75006E-02
793,8.42308E-02,  5.82419E+00,  1.00000E-02,  6.67921E-02
794,8.48384E-02,  5.82436E+00,  1.00000E-02,  6.60659E-02
795,8.54614E-02,  5.82449E+00,  1.00000E-02,  6.53215E-02
796,8.61002E-02,  5.82461E+00,  1.00000E-02,  6.45584E-02
797,8.67553E-02,  5.82471E+00,  1.00000E-02,  6.37762E-02
798,8.74269E-02,  5.82482E+00,  1.00000E-02,  6.29742E-02
799,8.81156E-02,  5.82492E+00,  1.00000E-02,  6.21519E-02
800,8.88217E-02,  5.82504E+00,  1.00000E-02,  6.13089E-02
801,8.95458E-02,  5.82517E+00,  1.00000E-02,  6.04445E-02
802,9.02882E-02,  5.82531E+00,  1.00000E-02,  5.95581E-02
803,9.10495E-02,  5.82547E+00,  1.00000E-02,  5.86493E-02
804,9.18300E-02,  5.82566E+00,  1.00000E-02,  5.77173E-02
805,9.26304E-02,  5.82586E+00,  1.00000E-02,  5.67615E-02
806,9.34511E-02,  5.82609E+00,  1.00000E-02,  5.57814E-02
807,9.42926E-02,  5.82633E+00,  1.00000E-02,  5.47762E-02
808,9.51555E-02,  5.82659E+00,  1.00000E-02,  5.37453E-02
809,9.60402E-02,  5.82687E+00,  1.00000E-02,  5.26880E-02
810,9.69474E-02,  5.82717E+00,  1.00000E-02,  5.16037E-02
811,9.78776E-02,  5.82747E+00,  1.00000E-02,  5.04917E-02
812,9.88314E-02,  5.82778E+00,  1.00000E-02,  4.93512E-02
813,9.98094E-02,  5.82810E+00,  1.00000E-02,  4.81814E-02
814,1.00812E-01,  5.82842E+00,  1.00000E-02,  4.69817E-02
815,1.01840E-01,  5.82873E+00,  1.00000E-02,  4.57513E-02
816,1.02895E-01,  5.82905E+00,  1.00000E-02,  4.44895E-02
817,1.03976E-01,  5.82935E+00,  1.00000E-02,  4.31953E-02
818,1.05084E-01,  5.82965E+00,  1.00000E-02,  4.18680E-02
819,1.06221E-01,  5.82994E+00,  1.00000E-02,  4.05068E-02
820,1.07387E-01,  5.83022E+00,  1.00000E-02,  3.91108E-02
821,1.08582E-01,  5.83048E+00,  1.00000E-02,  3.76792E-02
822,1.09807E-01,  5.83073E+00,  1.00000E-02,  3.62110E-02
823,1.11063E-01,  5.83096E+00,  1.00000E-02,  3.47053E-02
824,1.12352E-01,  5.83118E+00,  1.00000E-02,  3.31613E-02
825,1.13673E-01,  5.83139E+00,  1.00000E-02,  3.15778E-02
826,1.15027E-01,  5.83158E+00,  1.00000E-02,  2.99541E-02
827,1.16416E-01,  5.83175E+00,  1.00000E-02,  2.82889E-02
828,1.17840E-01,  5.83191E+00,  1.00000E-02,  2.65813E-02
829,1.19301E-01,  5.83206E+00,  1.00000E-02,  2.48303E-02
830,1.20798E-01,  5.83219E+00,  1.00000E-02,  2.30347E-02
831,1.22333E-01,  5.83232E+00,  1.00000E-02,  2.11935E-02
832,1.23907E-01,  5.83243E+00,  1.00000E-02,  1.93054E-02
833,1.25522E-01,  5.83253E+00,  1.00000E-02,  1.73693E-02
834,1.27177E-01,  5.83262E+00,  1.00000E-02,  1.53839E-02
835,1.28874E-01,  5.83270E+00,  1.00000E-02,  1.33482E-02
836,1.30614E-01,  5.83277E+00,  1.00000E-02,  1.12606E-02
837,1.32398E-01,  5.83283E+00,  1.00000E-02,  9.12007E-03
838,1.34228E-01,  5.83289E+00,  1.00000E-02,  6.92507E-03
839,1.36104E-01,  5.83294E+00,  1.00000E-02,  4.67443E-03
840,1.38028E-01,  5.83298E+00,  1.00000E-02,  2.36649E-03
841,1.40000E-01,  5.83301E+00,  1.00000E-02,  1.21235E-07
