 1,3.75812E-44,  5.83125E+00,  1.00000E-02,  1.20835E+00
 2,1.30767E-03,  5.82937E+00,  1.00000E-02,  1.20678E+00
 3,2.53992E-03,  5.82588E+00,  1.00000E-02,  1.20532E+00
 4,3.70108E-03,  5.82269E+00,  1.00000E-02,  1.20394E+00
 5,4.79527E-03,  5.81941E+00,  1.00000E-02,  1.20264E+00
 6,5.82634E-03,  5.81583E+00,  1.00000E-02,  1.20142E+00
 7,6.79794E-03,  5.81182E+00,  1.00000E-02,  1.20027E+00
 8,7.71349E-03,  5.80727E+00,  1.00000E-02,  1.19919E+00
 9,8.57623E-03,  5.80213E+00,  1.00000E-02,  1.19818E+00
10,9.38921E-03,  5.79635E+00,  1.00000E-02,  1.19723E+00
11,1.01553E-02,  5.78987E+00,  1.00000E-02,  1.19634E+00
12,1.08772E-02,  5.78270E+00,  1.00000E-02,  1.19550E+00
13,1.15574E-02,  5.77481E+00,  1.00000E-02,  1.19472E+00
14,1.21985E-02,  5.76621E+00,  1.00000E-02,  1.19399E+00
15,1.28025E-02,  5.75691E+00,  1.00000E-02,  1.19331E+00
16,1.33717E-02,  5.74692E+00,  1.00000E-02,  1.19267E+00
17,1.39081E-02,  5.73627E+00,  1.00000E-02,  1.19207E+00
18,1.44135E-02,  5.72499E+00,  1.00000E-02,  1.19151E+00
19,1.48898E-02,  5.71312E+00,  1.00000E-02,  1.19099E+00
20,1.53386E-02,  5.70069E+00,  1.00000E-02,  1.19051E+00
21,1.57615E-02,  5.68775E+00,  1.00000E-02,  1.19006E+00
22,1.61600E-02,  5.67435E+00,  1.00000E-02,  1.18963E+00
23,1.65355E-02,  5.66052E+00,  1.00000E-02,  1.18924E+00
24,1.68894E-02,  5.64631E+00,  1.00000E-02,  1.18888E+00
25,1.72228E-02,  5.63176E+00,  1.00000E-02,  1.18854E+00
26,1.75371E-02,  5.61690E+00,  1.00000E-02,  1.18823E+00
27,1.78332E-02,  5.60178E+00,  1.00000E-02,  1.18793E+00
28,1.81122E-02,  5.58642E+00,  1.00000E-02,  1.18766E+00
29,1.83751E-02,  5.57083E+00,  1.00000E-02,  1.18741E+00
30,1.86229E-02,  5.55502E+00,  1.00000E-02,  1.18717E+00
31,1.88563E-02,  5.53899E+00,  1.00000E-02,  1.18696E+00
32,1.90763E-02,  5.52271E+00,  1.00000E-02,  1.18675E+00
33,1.92836E-02,  5.50612E+00,  1.00000E-02,  1.18656E+00
34,1.94790E-02,  5.48924E+00,  1.00000E-02,  1.18639E+00
35,1.96631E-02,  5.47204E+00,  1.00000E-02,  1.18623E+00
36,1.98365E-02,  5.45581E+00,  1.00000E-02,  1.18608E+00
37,2.00000E-02,  5.44221E+00,  1.00000E-02,  1.18594E+00
38,2.00771E-02,  5.42856E+00,  1.00001E-02,  1.18580E+00
39,2.01542E-02,  5.41242E+00,  1.00003E-02,  1.18573E+00
40,2.02312E-02,  5.39803E+00,  1.00004E-02,  1.18571E+00
41,2.03083E-02,  5.38815E+00,  1.00003E-02,  1.18569E+00
42,2.03854E-02,  5.37956E+00,  1.00002E-02,  1.18564E+00
43,2.04625E-02,  5.37229E+00,  1.00001E-02,  1.18561E+00
44,2.05395E-02,  5.36761E+00,  9.99969E-03,  1.18558E+00
45,2.06166E-02,  5.36274E+00,  9.99931E-03,  1.18552E+00
46,2.06937E-02,  5.35832E+00,  9.99894E-03,  1.18548E+00
47,2.07707E-02,  5.35606E+00,  9.99832E-03,  1.18545E+00
48,2.08478E-02,  5.35340E+00,  9.99769E-03,  1.18538E+00
49,2.09249E-02,  5.35107E+00,  9.99707E-03,  1.18534E+00
50,2.10019E-02,  5.35080E+00,  9.99619E-03,  1.18530E+00
51,2.10790E-02,  5.35003E+00,  9.99531E-03,  1.18523E+00
52,2.11560E-02,  5.34950E+00,  9.99443E-03,  1.18519E+00
53,2.12331E-02,  5.35092E+00,  9.99330E-03,  1.18515E+00
54,2.13101E-02,  5.35178E+00,  9.99216E-03,  1.18508E+00
55,2.13872E-02,  5.35280E+00,  9.99103E-03,  1.18503E+00
56,2.14642E-02,  5.35572E+00,  9.98964E-03,  1.18499E+00
57,2.15412E-02,  5.35800E+00,  9.98826E-03,  1.18491E+00
58,2.16183E-02,  5.36040E+00,  9.98687E-03,  1.18487E+00
59,2.16953E-02,  5.36464E+00,  9.98523E-03,  1.18482E+00
60,2.17723E-02,  5.36819E+00,  9.98359E-03,  1.18474E+00
61,2.18493E-02,  5.37184E+00,  9.98195E-03,  1.18469E+00
62,2.19264E-02,  5.37728E+00,  9.98006E-03,  1.18464E+00
63,2.20034E-02,  5.38200E+00,  9.97817E-03,  1.18456E+00
64,2.20804E-02,  5.38678E+00,  9.97628E-03,  1.18451E+00
65,2.21574E-02,  5.39333E+00,  9.97413E-03,  1.18445E+00
66,2.22344E-02,  5.39913E+00,  9.97199E-03,  1.18437E+00
67,2.23114E-02,  5.40497E+00,  9.96984E-03,  1.18431E+00
68,2.23884E-02,  5.41255E+00,  9.96745E-03,  1.18425E+00
69,2.24654E-02,  5.41935E+00,  9.96505E-03,  1.18416E+00
70,2.25424E-02,  5.42617E+00,  9.96265E-03,  1.18411E+00
71,2.26193E-02,  5.43472E+00,  9.96000E-03,  1.18404E+00
72,2.26963E-02,  5.44247E+00,  9.95735E-03,  1.18395E+00
73,2.27733E-02,  5.45021E+00,  9.95470E-03,  1.18389E+00
74,2.28502E-02,  5.45968E+00,  9.95180E-03,  1.18383E+00
75,2.29272E-02,  5.46832E+00,  9.94890E-03,  1.18373E+00
76,2.30042E-02,  5.47695E+00,  9.94600E-03,  1.18367E+00
77,2.30811E-02,  5.48729E+00,  9.94284E-03,  1.18360E+00
78,2.31581E-02,  5.49678E+00,  9.93969E-03,  1.18350E+00
79,2.32350E-02,  5.50625E+00,  9.93654E-03,  1.18343E+00
80,2.33119E-02,  5.51742E+00,  9.93313E-03,  1.18336E+00
81,2.33889E-02,  5.52773E+00,  9.92973E-03,  1.18326E+00
82,2.34658E-02,  5.53801E+00,  9.92633E-03,  1.18318E+00
83,2.35427E-02,  5.54999E+00,  9.92267E-03,  1.18311E+00
84,2.36196E-02,  5.56108E+00,  9.91902E-03,  1.18300E+00
85,2.36965E-02,  5.57213E+00,  9.91536E-03,  1.18293E+00
86,2.37734E-02,  5.58489E+00,  9.91145E-03,  1.18285E+00
87,2.38503E-02,  5.59675E+00,  9.90755E-03,  1.18274E+00
88,2.39272E-02,  5.60855E+00,  9.90364E-03,  1.18266E+00
89,2.40041E-02,  5.62207E+00,  9.89949E-03,  1.18258E+00
90,2.40810E-02,  5.63466E+00,  9.89533E-03,  1.18246E+00
91,2.41579E-02,  5.64720E+00,  9.89117E-03,  1.18238E+00
92,2.42347E-02,  5.66144E+00,  9.88677E-03,  1.18229E+00
93,2.43116E-02,  5.67475E+00,  9.88236E-03,  1.18218E+00
94,2.43884E-02,  5.68801E+00,  9.87796E-03,  1.18209E+00
95,2.44653E-02,  5.70297E+00,  9.87330E-03,  1.18200E+00
96,2.45421E-02,  5.71699E+00,  9.86864E-03,  1.18188E+00
97,2.46189E-02,  5.73094E+00,  9.86399E-03,  1.18179E+00
98,2.46957E-02,  5.74661E+00,  9.85908E-03,  1.18169E+00
99,2.47726E-02,  5.76131E+00,  9.85418E-03,  1.18157E+00
100,2.48494E-02,  5.77595E+00,  9.84927E-03,  1.18147E+00
101,2.49262E-02,  5.79232E+00,  9.84412E-03,  1.18138E+00
102,2.50030E-02,  5.80769E+00,  9.83897E-03,  1.18125E+00
103,2.50798E-02,  5.82301E+00,  9.83381E-03,  1.18115E+00
104,2.51565E-02,  5.84006E+00,  9.82841E-03,  1.18104E+00
105,2.52333E-02,  5.85610E+00,  9.82301E-03,  1.18091E+00
106,2.53101E-02,  5.87208E+00,  9.81761E-03,  1.18081E+00
107,2.53868E-02,  5.88981E+00,  9.81196E-03,  1.18070E+00
108,2.54636E-02,  5.90651E+00,  9.80631E-03,  1.18056E+00
109,2.55403E-02,  5.92315E+00,  9.80066E-03,  1.18046E+00
110,2.56170E-02,  5.94155E+00,  9.79476E-03,  1.18035E+00
111,2.56938E-02,  5.95891E+00,  9.78886E-03,  1.18020E+00
112,2.57705E-02,  5.97620E+00,  9.78296E-03,  1.18009E+00
113,2.58472E-02,  5.99526E+00,  9.77682E-03,  1.17998E+00
114,2.59239E-02,  6.01327E+00,  9.77067E-03,  1.17983E+00
115,2.60006E-02,  6.03121E+00,  9.76453E-03,  1.17971E+00
116,2.60772E-02,  6.05094E+00,  9.75814E-03,  1.17960E+00
117,2.61539E-02,  6.06959E+00,  9.75175E-03,  1.17944E+00
118,2.62306E-02,  6.08817E+00,  9.74536E-03,  1.17932E+00
119,2.63072E-02,  6.10856E+00,  9.73872E-03,  1.17920E+00
120,2.63839E-02,  6.12786E+00,  9.73208E-03,  1.17904E+00
121,2.64605E-02,  6.14709E+00,  9.72545E-03,  1.17892E+00
122,2.65371E-02,  6.16813E+00,  9.71856E-03,  1.17879E+00
123,2.66137E-02,  6.18807E+00,  9.71168E-03,  1.17863E+00
124,2.66904E-02,  6.20795E+00,  9.70480E-03,  1.17850E+00
125,2.67669E-02,  6.22966E+00,  9.69767E-03,  1.17837E+00
126,2.68435E-02,  6.25024E+00,  9.69054E-03,  1.17820E+00
127,2.69201E-02,  6.27076E+00,  9.68341E-03,  1.17806E+00
128,2.69967E-02,  6.29313E+00,  9.67604E-03,  1.17793E+00
129,2.70732E-02,  6.31436E+00,  9.66867E-03,  1.17776E+00
130,2.71498E-02,  6.33552E+00,  9.66130E-03,  1.17762E+00
131,2.72263E-02,  6.35856E+00,  9.65368E-03,  1.17747E+00
132,2.73028E-02,  6.38044E+00,  9.64607E-03,  1.17730E+00
133,2.73794E-02,  6.40225E+00,  9.63845E-03,  1.17715E+00
134,2.74559E-02,  6.42596E+00,  9.63059E-03,  1.17701E+00
135,2.75324E-02,  6.44849E+00,  9.62273E-03,  1.17682E+00
136,2.76089E-02,  6.47096E+00,  9.61487E-03,  1.17667E+00
137,2.76853E-02,  6.49534E+00,  9.60677E-03,  1.17652E+00
138,2.77618E-02,  6.51853E+00,  9.59867E-03,  1.17633E+00
139,2.78383E-02,  6.54166E+00,  9.59056E-03,  1.17618E+00
140,2.79147E-02,  6.56672E+00,  9.58222E-03,  1.17602E+00
141,2.79911E-02,  6.59057E+00,  9.57388E-03,  1.17583E+00
142,2.80675E-02,  6.61436E+00,  9.56553E-03,  1.17567E+00
143,2.81439E-02,  6.64012E+00,  9.55695E-03,  1.17551E+00
144,2.82203E-02,  6.66464E+00,  9.54836E-03,  1.17531E+00
145,2.82967E-02,  6.68911E+00,  9.53977E-03,  1.17514E+00
146,2.83731E-02,  6.71556E+00,  9.53095E-03,  1.17497E+00
147,2.84495E-02,  6.74076E+00,  9.52212E-03,  1.17477E+00
148,2.85258E-02,  6.76590E+00,  9.51330E-03,  1.17460E+00
149,2.86022E-02,  6.79306E+00,  9.50423E-03,  1.17442E+00
150,2.86785E-02,  6.81895E+00,  9.49516E-03,  1.17421E+00
151,2.87548E-02,  6.84479E+00,  9.48609E-03,  1.17403E+00
152,2.88311E-02,  6.87266E+00,  9.47679E-03,  1.17385E+00
153,2.89074E-02,  6.89925E+00,  9.46748E-03,  1.17364E+00
154,2.89837E-02,  6.92578E+00,  9.45818E-03,  1.17345E+00
155,2.90600E-02,  6.95439E+00,  9.44863E-03,  1.17327E+00
156,2.91362E-02,  6.98169E+00,  9.43909E-03,  1.17304E+00
157,2.92125E-02,  7.00893E+00,  9.42954E-03,  1.17285E+00
158,2.92887E-02,  7.03829E+00,  9.41976E-03,  1.17266E+00
159,2.93649E-02,  7.06630E+00,  9.40998E-03,  1.17243E+00
160,2.94411E-02,  7.09428E+00,  9.40019E-03,  1.17223E+00
161,2.95173E-02,  7.12439E+00,  9.39017E-03,  1.17204E+00
162,2.95935E-02,  7.15315E+00,  9.38015E-03,  1.17180E+00
163,2.96697E-02,  7.18187E+00,  9.37013E-03,  1.17160E+00
164,2.97458E-02,  7.21276E+00,  9.35988E-03,  1.17139E+00
165,2.98220E-02,  7.24228E+00,  9.34962E-03,  1.17115E+00
166,2.98981E-02,  7.27178E+00,  9.33936E-03,  1.17094E+00
167,2.99742E-02,  7.30351E+00,  9.32887E-03,  1.17073E+00
168,3.00503E-02,  7.33386E+00,  9.31838E-03,  1.17048E+00
169,3.01264E-02,  7.36421E+00,  9.30789E-03,  1.17026E+00
170,3.02025E-02,  7.39684E+00,  9.29716E-03,  1.17004E+00
171,3.02786E-02,  7.42806E+00,  9.28643E-03,  1.16979E+00
172,3.03546E-02,  7.45929E+00,  9.27570E-03,  1.16957E+00
173,3.04306E-02,  7.49286E+00,  9.26474E-03,  1.16934E+00
174,3.05067E-02,  7.52499E+00,  9.25378E-03,  1.16908E+00
175,3.05827E-02,  7.55714E+00,  9.24282E-03,  1.16885E+00
176,3.06587E-02,  7.59165E+00,  9.23163E-03,  1.16862E+00
177,3.07346E-02,  7.62464E+00,  9.22043E-03,  1.16835E+00
178,3.08106E-02,  7.65758E+00,  9.20924E-03,  1.16811E+00
179,3.08866E-02,  7.69284E+00,  9.19781E-03,  1.16788E+00
180,3.09625E-02,  7.72684E+00,  9.18638E-03,  1.16760E+00
181,3.10384E-02,  7.76148E+00,  9.17496E-03,  1.16738E+00
182,3.11143E-02,  7.79754E+00,  9.16330E-03,  1.16715E+00
183,3.11902E-02,  7.83100E+00,  9.15164E-03,  1.16688E+00
184,3.12661E-02,  7.86482E+00,  9.13998E-03,  1.16664E+00
185,3.13420E-02,  7.90125E+00,  9.12810E-03,  1.16640E+00
186,3.14178E-02,  7.93625E+00,  9.11621E-03,  1.16612E+00
187,3.14937E-02,  7.97137E+00,  9.10432E-03,  1.16588E+00
188,3.15695E-02,  8.00903E+00,  9.09220E-03,  1.16563E+00
189,3.16453E-02,  8.04518E+00,  9.08008E-03,  1.16533E+00
190,3.17211E-02,  8.08142E+00,  9.06797E-03,  1.16508E+00
191,3.17969E-02,  8.12018E+00,  9.05562E-03,  1.16482E+00
192,3.18726E-02,  8.15738E+00,  9.04327E-03,  1.16452E+00
193,3.19484E-02,  8.19464E+00,  9.03093E-03,  1.16426E+00
194,3.20241E-02,  8.23444E+00,  9.01835E-03,  1.16399E+00
195,3.20998E-02,  8.27262E+00,  9.00578E-03,  1.16368E+00
196,3.21756E-02,  8.31086E+00,  8.99320E-03,  1.16340E+00
197,3.22512E-02,  8.35165E+00,  8.98040E-03,  1.16313E+00
198,3.23269E-02,  8.39079E+00,  8.96760E-03,  1.16280E+00
199,3.24026E-02,  8.42999E+00,  8.95480E-03,  1.16252E+00
200,3.24782E-02,  8.47178E+00,  8.94177E-03,  1.16224E+00
201,3.25538E-02,  8.51187E+00,  8.92875E-03,  1.16190E+00
202,3.26294E-02,  8.55204E+00,  8.91572E-03,  1.16161E+00
203,3.27050E-02,  8.59482E+00,  8.90247E-03,  1.16132E+00
204,3.27806E-02,  8.63588E+00,  8.88922E-03,  1.16098E+00
205,3.28562E-02,  8.67702E+00,  8.87597E-03,  1.16067E+00
206,3.29317E-02,  8.72082E+00,  8.86249E-03,  1.16037E+00
207,3.30072E-02,  8.76286E+00,  8.84902E-03,  1.16002E+00
208,3.30827E-02,  8.80500E+00,  8.83555E-03,  1.15971E+00
209,3.31582E-02,  8.84983E+00,  8.82185E-03,  1.15939E+00
210,3.32337E-02,  8.89287E+00,  8.80815E-03,  1.15903E+00
211,3.33092E-02,  8.93603E+00,  8.79446E-03,  1.15871E+00
212,3.33846E-02,  8.98192E+00,  8.78054E-03,  1.15838E+00
213,3.34600E-02,  9.02600E+00,  8.76662E-03,  1.15801E+00
214,3.35355E-02,  9.07022E+00,  8.75270E-03,  1.15768E+00
215,3.36108E-02,  9.11720E+00,  8.73857E-03,  1.15735E+00
216,3.36862E-02,  9.16235E+00,  8.72443E-03,  1.15696E+00
217,3.37616E-02,  9.20764E+00,  8.71029E-03,  1.15662E+00
218,3.38369E-02,  9.25576E+00,  8.69594E-03,  1.15628E+00
219,3.39123E-02,  9.30200E+00,  8.68158E-03,  1.15588E+00
220,3.39876E-02,  9.34842E+00,  8.66722E-03,  1.15553E+00
221,3.40629E-02,  9.39771E+00,  8.65265E-03,  1.15517E+00
222,3.41381E-02,  9.44509E+00,  8.63808E-03,  1.15477E+00
223,3.42134E-02,  9.49267E+00,  8.62350E-03,  1.15441E+00
224,3.42886E-02,  9.54316E+00,  8.60871E-03,  1.15404E+00
225,3.43639E-02,  9.59171E+00,  8.59392E-03,  1.15362E+00
226,3.44391E-02,  9.64049E+00,  8.57913E-03,  1.15325E+00
227,3.45143E-02,  9.69223E+00,  8.56413E-03,  1.15287E+00
228,3.45894E-02,  9.74200E+00,  8.54912E-03,  1.15244E+00
229,3.46646E-02,  9.79202E+00,  8.53412E-03,  1.15206E+00
230,3.47397E-02,  9.84505E+00,  8.51890E-03,  1.15167E+00
231,3.48149E-02,  9.89609E+00,  8.50368E-03,  1.15122E+00
232,3.48900E-02,  9.94739E+00,  8.48847E-03,  1.15083E+00
233,3.49650E-02,  1.00018E+01,  8.47304E-03,  1.15043E+00
234,3.50401E-02,  1.00541E+01,  8.45761E-03,  1.14997E+00
235,3.51152E-02,  1.01067E+01,  8.44218E-03,  1.14956E+00
236,3.51902E-02,  1.01625E+01,  8.42654E-03,  1.14915E+00
237,3.52652E-02,  1.02162E+01,  8.41090E-03,  1.14868E+00
238,3.53402E-02,  1.02702E+01,  8.39525E-03,  1.14826E+00
239,3.54152E-02,  1.03274E+01,  8.37941E-03,  1.14784E+00
240,3.54901E-02,  1.03825E+01,  8.36356E-03,  1.14735E+00
241,3.55651E-02,  1.04379E+01,  8.34771E-03,  1.14692E+00
242,3.56400E-02,  1.04966E+01,  8.33165E-03,  1.14648E+00
243,3.57149E-02,  1.05532E+01,  8.31559E-03,  1.14599E+00
244,3.57898E-02,  1.06101E+01,  8.29953E-03,  1.14554E+00
245,3.58647E-02,  1.06703E+01,  8.28327E-03,  1.14509E+00
246,3.59395E-02,  1.07284E+01,  8.26701E-03,  1.14458E+00
247,3.60143E-02,  1.07868E+01,  8.25074E-03,  1.14412E+00
248,3.60891E-02,  1.08487E+01,  8.23428E-03,  1.14365E+00
249,3.61639E-02,  1.09083E+01,  8.21781E-03,  1.14312E+00
250,3.62387E-02,  1.09683E+01,  8.20134E-03,  1.14265E+00
251,3.63135E-02,  1.10318E+01,  8.18467E-03,  1.14217E+00
252,3.63882E-02,  1.10931E+01,  8.16800E-03,  1.14163E+00
253,3.64629E-02,  1.11548E+01,  8.15133E-03,  1.14114E+00
254,3.65376E-02,  1.12200E+01,  8.13446E-03,  1.14064E+00
255,3.66123E-02,  1.12829E+01,  8.11758E-03,  1.14009E+00
256,3.66870E-02,  1.13463E+01,  8.10071E-03,  1.13958E+00
257,3.67616E-02,  1.14133E+01,  8.08364E-03,  1.13907E+00
258,3.68362E-02,  1.14780E+01,  8.06657E-03,  1.13850E+00
259,3.69108E-02,  1.15432E+01,  8.04950E-03,  1.13798E+00
260,3.69854E-02,  1.16120E+01,  8.03223E-03,  1.13745E+00
261,3.70600E-02,  1.16785E+01,  8.01496E-03,  1.13686E+00
262,3.71345E-02,  1.17455E+01,  7.99769E-03,  1.13632E+00
263,3.72091E-02,  1.18163E+01,  7.98023E-03,  1.13578E+00
264,3.72836E-02,  1.18847E+01,  7.96276E-03,  1.13517E+00
265,3.73581E-02,  1.19536E+01,  7.94530E-03,  1.13462E+00
266,3.74325E-02,  1.20264E+01,  7.92764E-03,  1.13406E+00
267,3.75070E-02,  1.20967E+01,  7.90998E-03,  1.13344E+00
268,3.75814E-02,  1.21676E+01,  7.89232E-03,  1.13286E+00
269,3.76558E-02,  1.22425E+01,  7.87447E-03,  1.13228E+00
270,3.77302E-02,  1.23148E+01,  7.85662E-03,  1.13164E+00
271,3.78046E-02,  1.23878E+01,  7.83877E-03,  1.13105E+00
272,3.78789E-02,  1.24648E+01,  7.82073E-03,  1.13045E+00
273,3.79533E-02,  1.25393E+01,  7.80269E-03,  1.12979E+00
274,3.80276E-02,  1.26145E+01,  7.78465E-03,  1.12918E+00
275,3.81019E-02,  1.26937E+01,  7.76642E-03,  1.12857E+00
276,3.81761E-02,  1.27704E+01,  7.74819E-03,  1.12788E+00
277,3.82504E-02,  1.28478E+01,  7.72996E-03,  1.12726E+00
278,3.83246E-02,  1.29293E+01,  7.71154E-03,  1.12662E+00
279,3.83988E-02,  1.30083E+01,  7.69313E-03,  1.12592E+00
280,3.84731E-02,  1.30880E+01,  7.67471E-03,  1.12527E+00
281,3.85472E-02,  1.31719E+01,  7.65611E-03,  1.12461E+00
282,3.86214E-02,  1.32533E+01,  7.63752E-03,  1.12389E+00
283,3.86955E-02,  1.33355E+01,  7.61892E-03,  1.12322E+00
284,3.87696E-02,  1.34219E+01,  7.60014E-03,  1.12254E+00
285,3.88437E-02,  1.35058E+01,  7.58136E-03,  1.12179E+00
286,3.89178E-02,  1.35905E+01,  7.56257E-03,  1.12110E+00
287,3.89919E-02,  1.36796E+01,  7.54361E-03,  1.12040E+00
288,3.90659E-02,  1.37661E+01,  7.52465E-03,  1.11963E+00
289,3.91399E-02,  1.38534E+01,  7.50569E-03,  1.11891E+00
290,3.92139E-02,  1.39453E+01,  7.48656E-03,  1.11819E+00
291,3.92879E-02,  1.40345E+01,  7.46742E-03,  1.11739E+00
292,3.93619E-02,  1.41246E+01,  7.44828E-03,  1.11665E+00
293,3.94358E-02,  1.42193E+01,  7.42897E-03,  1.11590E+00
294,3.95097E-02,  1.43114E+01,  7.40966E-03,  1.11508E+00
295,3.95836E-02,  1.44044E+01,  7.39035E-03,  1.11432E+00
296,3.96575E-02,  1.45022E+01,  7.37086E-03,  1.11355E+00
297,3.97313E-02,  1.45973E+01,  7.35138E-03,  1.11270E+00
298,3.98052E-02,  1.46934E+01,  7.33190E-03,  1.11191E+00
299,3.98790E-02,  1.47944E+01,  7.31224E-03,  1.11111E+00
300,3.99528E-02,  1.48927E+01,  7.29259E-03,  1.11024E+00
301,4.00266E-02,  1.49921E+01,  7.27293E-03,  1.10943E+00
302,4.01003E-02,  1.50965E+01,  7.25311E-03,  1.10860E+00
303,4.01741E-02,  1.51982E+01,  7.23329E-03,  1.10770E+00
304,4.02478E-02,  1.53011E+01,  7.21347E-03,  1.10686E+00
305,4.03215E-02,  1.54091E+01,  7.19349E-03,  1.10601E+00
306,4.03952E-02,  1.55143E+01,  7.17350E-03,  1.10508E+00
307,4.04688E-02,  1.56209E+01,  7.15352E-03,  1.10421E+00
308,4.05425E-02,  1.57326E+01,  7.13337E-03,  1.10333E+00
309,4.06161E-02,  1.58417E+01,  7.11322E-03,  1.10237E+00
310,4.06897E-02,  1.59520E+01,  7.09308E-03,  1.10147E+00
311,4.07632E-02,  1.60678E+01,  7.07277E-03,  1.10056E+00
312,4.08368E-02,  1.61807E+01,  7.05247E-03,  1.09957E+00
313,4.09104E-02,  1.62952E+01,  7.03216E-03,  1.09864E+00
314,4.09839E-02,  1.64151E+01,  7.01170E-03,  1.09770E+00
315,4.10574E-02,  1.65322E+01,  6.99124E-03,  1.09667E+00
316,4.11309E-02,  1.66509E+01,  6.97078E-03,  1.09571E+00
317,4.12043E-02,  1.67752E+01,  6.95016E-03,  1.09474E+00
318,4.12777E-02,  1.68967E+01,  6.92955E-03,  1.09368E+00
319,4.13512E-02,  1.70197E+01,  6.90893E-03,  1.09268E+00
320,4.14245E-02,  1.71485E+01,  6.88817E-03,  1.09167E+00
321,4.14979E-02,  1.72744E+01,  6.86741E-03,  1.09057E+00
322,4.15713E-02,  1.74017E+01,  6.84664E-03,  1.08954E+00
323,4.16446E-02,  1.75345E+01,  6.82573E-03,  1.08849E+00
324,4.17179E-02,  1.76646E+01,  6.80482E-03,  1.08736E+00
325,4.17913E-02,  1.77977E+01,  6.78391E-03,  1.08631E+00
326,4.18645E-02,  1.79334E+01,  6.76286E-03,  1.08526E+00
327,4.19378E-02,  1.80630E+01,  6.74180E-03,  1.08411E+00
328,4.20110E-02,  1.81953E+01,  6.72075E-03,  1.08301E+00
329,4.20842E-02,  1.83338E+01,  6.69956E-03,  1.08190E+00
330,4.21574E-02,  1.84696E+01,  6.67836E-03,  1.08070E+00
331,4.22306E-02,  1.86072E+01,  6.65717E-03,  1.07956E+00
332,4.23038E-02,  1.87508E+01,  6.63584E-03,  1.07839E+00
333,4.23769E-02,  1.88915E+01,  6.61451E-03,  1.07715E+00
334,4.24501E-02,  1.90339E+01,  6.59318E-03,  1.07596E+00
335,4.25232E-02,  1.91823E+01,  6.57172E-03,  1.07475E+00
336,4.25962E-02,  1.93280E+01,  6.55026E-03,  1.07345E+00
337,4.26693E-02,  1.94752E+01,  6.52880E-03,  1.07222E+00
338,4.27423E-02,  1.96287E+01,  6.50721E-03,  1.07096E+00
339,4.28154E-02,  1.97793E+01,  6.48561E-03,  1.06962E+00
340,4.28884E-02,  1.99317E+01,  6.46402E-03,  1.06833E+00
341,4.29614E-02,  2.00903E+01,  6.44231E-03,  1.06703E+00
342,4.30343E-02,  2.02462E+01,  6.42059E-03,  1.06563E+00
343,4.31073E-02,  2.04038E+01,  6.39888E-03,  1.06430E+00
344,4.31802E-02,  2.05678E+01,  6.37704E-03,  1.06294E+00
345,4.32531E-02,  2.07293E+01,  6.35520E-03,  1.06150E+00
346,4.33260E-02,  2.08925E+01,  6.33337E-03,  1.06011E+00
347,4.33989E-02,  2.10622E+01,  6.31141E-03,  1.05870E+00
348,4.34717E-02,  2.12294E+01,  6.28946E-03,  1.05720E+00
349,4.35446E-02,  2.13986E+01,  6.26751E-03,  1.05576E+00
350,4.36174E-02,  2.15742E+01,  6.24544E-03,  1.05430E+00
351,4.36902E-02,  2.17475E+01,  6.22338E-03,  1.05275E+00
352,4.37630E-02,  2.19228E+01,  6.20131E-03,  1.05125E+00
353,4.38357E-02,  2.21048E+01,  6.17914E-03,  1.04972E+00
354,4.39085E-02,  2.22845E+01,  6.15696E-03,  1.04811E+00
355,4.39812E-02,  2.24663E+01,  6.13479E-03,  1.04655E+00
356,4.40539E-02,  2.26548E+01,  6.11251E-03,  1.04497E+00
357,4.41266E-02,  2.28412E+01,  6.09024E-03,  1.04330E+00
358,4.41993E-02,  2.30298E+01,  6.06796E-03,  1.04168E+00
359,4.42719E-02,  2.32252E+01,  6.04559E-03,  1.04003E+00
360,4.43446E-02,  2.34186E+01,  6.02321E-03,  1.03830E+00
361,4.44172E-02,  2.36144E+01,  6.00084E-03,  1.03661E+00
362,4.44898E-02,  2.38170E+01,  5.97837E-03,  1.03490E+00
363,4.45624E-02,  2.40179E+01,  5.95590E-03,  1.03309E+00
364,4.46349E-02,  2.42211E+01,  5.93343E-03,  1.03134E+00
365,4.47075E-02,  2.44312E+01,  5.91088E-03,  1.02955E+00
366,4.47800E-02,  2.46399E+01,  5.88832E-03,  1.02768E+00
367,4.48525E-02,  2.48510E+01,  5.86577E-03,  1.02585E+00
368,4.49250E-02,  2.50690E+01,  5.84313E-03,  1.02400E+00
369,4.49975E-02,  2.52858E+01,  5.82049E-03,  1.02205E+00
370,4.50700E-02,  2.55052E+01,  5.79785E-03,  1.02015E+00
371,4.51424E-02,  2.57315E+01,  5.77513E-03,  1.01822E+00
372,4.52148E-02,  2.59569E+01,  5.75242E-03,  1.01619E+00
373,4.52873E-02,  2.61849E+01,  5.72970E-03,  1.01421E+00
374,4.53596E-02,  2.64200E+01,  5.70692E-03,  1.01220E+00
375,4.54320E-02,  2.66543E+01,  5.68413E-03,  1.01009E+00
376,4.55044E-02,  2.68915E+01,  5.66134E-03,  1.00802E+00
377,4.55767E-02,  2.71357E+01,  5.63849E-03,  1.00593E+00
378,4.56491E-02,  2.73795E+01,  5.61564E-03,  1.00374E+00
379,4.57214E-02,  2.76263E+01,  5.59279E-03,  1.00158E+00
380,4.57937E-02,  2.78802E+01,  5.56988E-03,  9.99393E-01
381,4.58660E-02,  2.81341E+01,  5.54696E-03,  9.97119E-01
382,4.59382E-02,  2.83910E+01,  5.52405E-03,  9.94868E-01
383,4.60105E-02,  2.86550E+01,  5.50109E-03,  9.92585E-01
384,4.60827E-02,  2.89194E+01,  5.47813E-03,  9.90218E-01
385,4.61550E-02,  2.91869E+01,  5.45516E-03,  9.87869E-01
386,4.62271E-02,  2.94614E+01,  5.43215E-03,  9.85488E-01
387,4.62993E-02,  2.97367E+01,  5.40915E-03,  9.83024E-01
388,4.63715E-02,  3.00153E+01,  5.38614E-03,  9.80572E-01
389,4.64437E-02,  3.03007E+01,  5.36309E-03,  9.78086E-01
390,4.65158E-02,  3.05875E+01,  5.34004E-03,  9.75521E-01
391,4.65880E-02,  3.08776E+01,  5.31699E-03,  9.72961E-01
392,4.66601E-02,  3.11745E+01,  5.29392E-03,  9.70365E-01
393,4.67322E-02,  3.14732E+01,  5.27084E-03,  9.67693E-01
394,4.68043E-02,  3.17756E+01,  5.24776E-03,  9.65018E-01
395,4.68764E-02,  3.20844E+01,  5.22466E-03,  9.62306E-01
396,4.69485E-02,  3.23956E+01,  5.20156E-03,  9.59522E-01
397,4.70205E-02,  3.27107E+01,  5.17845E-03,  9.56727E-01
398,4.70926E-02,  3.30320E+01,  5.15534E-03,  9.53892E-01
399,4.71646E-02,  3.33563E+01,  5.13222E-03,  9.50990E-01
400,4.72366E-02,  3.36847E+01,  5.10910E-03,  9.48067E-01
401,4.73086E-02,  3.40190E+01,  5.08598E-03,  9.45103E-01
402,4.73806E-02,  3.43571E+01,  5.06285E-03,  9.42078E-01
403,4.74526E-02,  3.46994E+01,  5.03973E-03,  9.39019E-01
404,4.75246E-02,  3.50471E+01,  5.01661E-03,  9.35919E-01
405,4.75965E-02,  3.53996E+01,  4.99348E-03,  9.32764E-01
406,4.76685E-02,  3.57564E+01,  4.97036E-03,  9.29563E-01
407,4.77404E-02,  3.61182E+01,  4.94725E-03,  9.26318E-01
408,4.78123E-02,  3.64857E+01,  4.92414E-03,  9.23026E-01
409,4.78843E-02,  3.68577E+01,  4.90102E-03,  9.19675E-01
410,4.79562E-02,  3.72341E+01,  4.87793E-03,  9.16278E-01
411,4.80280E-02,  3.76172E+01,  4.85484E-03,  9.12843E-01
412,4.80999E-02,  3.80051E+01,  4.83175E-03,  9.09333E-01
413,4.81718E-02,  3.83967E+01,  4.80869E-03,  9.05775E-01
414,4.82437E-02,  3.87960E+01,  4.78563E-03,  9.02190E-01
415,4.83155E-02,  3.92005E+01,  4.76256E-03,  8.98512E-01
416,4.83874E-02,  3.96077E+01,  4.73954E-03,  8.94785E-01
417,4.84592E-02,  4.00241E+01,  4.71652E-03,  8.91041E-01
418,4.85311E-02,  4.04457E+01,  4.69350E-03,  8.87186E-01
419,4.86029E-02,  4.08693E+01,  4.67053E-03,  8.83279E-01
420,4.86747E-02,  4.13032E+01,  4.64756E-03,  8.79369E-01
421,4.87465E-02,  4.17428E+01,  4.62459E-03,  8.75327E-01
422,4.88183E-02,  4.21832E+01,  4.60168E-03,  8.71232E-01
423,4.88901E-02,  4.26354E+01,  4.57878E-03,  8.67148E-01
424,4.89619E-02,  4.30937E+01,  4.55587E-03,  8.62908E-01
425,4.90337E-02,  4.35513E+01,  4.53304E-03,  8.58613E-01
426,4.91054E-02,  4.40226E+01,  4.51020E-03,  8.54346E-01
427,4.91772E-02,  4.45002E+01,  4.48737E-03,  8.49899E-01
428,4.92490E-02,  4.49756E+01,  4.46462E-03,  8.45393E-01
429,4.93207E-02,  4.54665E+01,  4.44188E-03,  8.40935E-01
430,4.93925E-02,  4.59642E+01,  4.41913E-03,  8.36267E-01
431,4.94642E-02,  4.64578E+01,  4.39649E-03,  8.31538E-01
432,4.95359E-02,  4.69690E+01,  4.37384E-03,  8.26880E-01
433,4.96077E-02,  4.74874E+01,  4.35119E-03,  8.21980E-01
434,4.96794E-02,  4.79997E+01,  4.32866E-03,  8.17017E-01
435,4.97511E-02,  4.85318E+01,  4.30613E-03,  8.12150E-01
436,4.98229E-02,  4.90714E+01,  4.28359E-03,  8.07005E-01
437,4.98946E-02,  4.96026E+01,  4.26119E-03,  8.01794E-01
438,4.99663E-02,  5.01561E+01,  4.23878E-03,  7.96708E-01
439,5.00380E-02,  5.07176E+01,  4.21638E-03,  7.91305E-01
440,5.01097E-02,  5.12678E+01,  4.19412E-03,  7.85833E-01
441,5.01814E-02,  5.18430E+01,  4.17185E-03,  7.80517E-01
442,5.02531E-02,  5.24267E+01,  4.14959E-03,  7.74843E-01
443,5.03248E-02,  5.29960E+01,  4.12748E-03,  7.69098E-01
444,5.03966E-02,  5.35932E+01,  4.10538E-03,  7.63545E-01
445,5.04683E-02,  5.41998E+01,  4.08328E-03,  7.57586E-01
446,5.05400E-02,  5.47891E+01,  4.06135E-03,  7.51558E-01
447,5.06117E-02,  5.54104E+01,  4.03941E-03,  7.45766E-01
448,5.06834E-02,  5.60427E+01,  4.01748E-03,  7.39520E-01
449,5.07551E-02,  5.66545E+01,  3.99575E-03,  7.33202E-01
450,5.08268E-02,  5.73024E+01,  3.97401E-03,  7.27164E-01
451,5.08985E-02,  5.79621E+01,  3.95227E-03,  7.20613E-01
452,5.09702E-02,  5.85968E+01,  3.93074E-03,  7.13986E-01
453,5.10419E-02,  5.92712E+01,  3.90921E-03,  7.07687E-01
454,5.11136E-02,  5.99581E+01,  3.88768E-03,  7.00812E-01
455,5.11854E-02,  6.06150E+01,  3.86638E-03,  6.93861E-01
456,5.12571E-02,  6.13156E+01,  3.84508E-03,  6.87292E-01
457,5.13288E-02,  6.20299E+01,  3.82378E-03,  6.80080E-01
458,5.14005E-02,  6.27086E+01,  3.80272E-03,  6.72790E-01
459,5.14723E-02,  6.34356E+01,  3.78167E-03,  6.65944E-01
460,5.15440E-02,  6.41776E+01,  3.76061E-03,  6.58381E-01
461,5.16157E-02,  6.48783E+01,  3.73983E-03,  6.50740E-01
462,5.16875E-02,  6.56327E+01,  3.71904E-03,  6.43613E-01
463,5.17592E-02,  6.64044E+01,  3.69826E-03,  6.35687E-01
464,5.18310E-02,  6.71293E+01,  3.67776E-03,  6.27690E-01
465,5.19028E-02,  6.79167E+01,  3.65727E-03,  6.20278E-01
466,5.19745E-02,  6.87259E+01,  3.63677E-03,  6.12005E-01
467,5.20463E-02,  6.94944E+01,  3.61659E-03,  6.03654E-01
468,5.21181E-02,  7.03333E+01,  3.59640E-03,  5.96028E-01
469,5.21899E-02,  7.11899E+01,  3.57622E-03,  5.87006E-01
470,5.22617E-02,  7.20475E+01,  3.55637E-03,  5.77589E-01
471,5.23335E-02,  7.29948E+01,  3.53652E-03,  5.69312E-01
472,5.24053E-02,  7.39218E+01,  3.51667E-03,  5.60104E-01
473,5.24771E-02,  7.47671E+01,  3.49718E-03,  5.50837E-01
474,5.25490E-02,  7.56883E+01,  3.47770E-03,  5.42463E-01
475,5.26208E-02,  7.66333E+01,  3.45821E-03,  5.32884E-01
476,5.26926E-02,  7.74859E+01,  3.43911E-03,  5.23199E-01
477,5.27645E-02,  7.84275E+01,  3.42001E-03,  5.14515E-01
478,5.28364E-02,  7.93974E+01,  3.40091E-03,  5.04486E-01
479,5.29083E-02,  8.02585E+01,  3.38222E-03,  4.94343E-01
480,5.29802E-02,  8.12186E+01,  3.36353E-03,  4.85330E-01
481,5.30520E-02,  8.22113E+01,  3.34484E-03,  4.74836E-01
482,5.31240E-02,  8.30762E+01,  3.32660E-03,  4.64226E-01
483,5.31959E-02,  8.40509E+01,  3.30835E-03,  4.54886E-01
484,5.32678E-02,  8.50636E+01,  3.29010E-03,  4.43924E-01
485,5.33398E-02,  8.59276E+01,  3.27233E-03,  4.32847E-01
486,5.34117E-02,  8.69131E+01,  3.25455E-03,  4.23188E-01
487,5.34837E-02,  8.79430E+01,  3.23677E-03,  4.11762E-01
488,5.35557E-02,  8.88009E+01,  3.21950E-03,  4.00221E-01
489,5.36277E-02,  8.97929E+01,  3.20222E-03,  3.90254E-01
490,5.36997E-02,  9.08369E+01,  3.18495E-03,  3.78370E-01
491,5.37717E-02,  9.16829E+01,  3.16820E-03,  3.66374E-01
492,5.38437E-02,  9.26765E+01,  3.15146E-03,  3.56113E-01
493,5.39158E-02,  9.37307E+01,  3.13472E-03,  3.43782E-01
494,5.39878E-02,  9.45581E+01,  3.11854E-03,  3.31344E-01
495,5.40599E-02,  9.55473E+01,  3.10236E-03,  3.20807E-01
496,5.41320E-02,  9.66067E+01,  3.08618E-03,  3.08044E-01
497,5.42041E-02,  9.74079E+01,  3.07060E-03,  2.95184E-01
498,5.42762E-02,  9.83855E+01,  3.05502E-03,  2.84393E-01
499,5.43483E-02,  9.94445E+01,  3.03943E-03,  2.71220E-01
500,5.44204E-02,  1.00211E+02,  3.02448E-03,  2.57963E-01
501,5.44926E-02,  1.01168E+02,  3.00954E-03,  2.46946E-01
502,5.45647E-02,  1.02220E+02,  2.99459E-03,  2.33390E-01
503,5.46369E-02,  1.02941E+02,  2.98030E-03,  2.19769E-01
504,5.47091E-02,  1.03869E+02,  2.96602E-03,  2.08560E-01
505,5.47813E-02,  1.04906E+02,  2.95174E-03,  1.94657E-01
506,5.48535E-02,  1.05571E+02,  2.93816E-03,  1.80711E-01
507,5.49257E-02,  1.06458E+02,  2.92458E-03,  1.69351E-01
508,5.49979E-02,  1.07470E+02,  2.91100E-03,  1.55143E-01
509,5.50702E-02,  1.08068E+02,  2.89817E-03,  1.40922E-01
510,5.51424E-02,  1.08903E+02,  2.88533E-03,  1.29460E-01
511,5.52147E-02,  1.09880E+02,  2.87249E-03,  1.14998E-01
512,5.52870E-02,  1.10397E+02,  2.86043E-03,  1.00560E-01
513,5.53592E-02,  1.11166E+02,  2.84837E-03,  8.90512E-02
514,5.54315E-02,  1.12098E+02,  2.83630E-03,  7.43967E-02
515,5.55038E-02,  1.12521E+02,  2.82506E-03,  5.98072E-02
516,5.55761E-02,  1.13210E+02,  2.81381E-03,  4.83170E-02
517,5.56484E-02,  1.14084E+02,  2.80256E-03,  3.35385E-02
518,5.57208E-02,  1.14399E+02,  2.79217E-03,  1.88739E-02
519,5.57931E-02,  1.14994E+02,  2.78178E-03,  7.47386E-03
520,5.58654E-02,  1.15797E+02,  2.77138E-03, -7.35026E-03
521,5.59377E-02,  1.15991E+02,  2.76188E-03, -2.20058E-02
522,5.60101E-02,  1.16474E+02,  2.75237E-03, -3.32363E-02
523,5.60824E-02,  1.17194E+02,  2.74287E-03, -4.80192E-02
524,5.61548E-02,  1.17253E+02,  2.73429E-03, -6.25735E-02
525,5.62271E-02,  1.17610E+02,  2.72571E-03, -7.35489E-02
526,5.62994E-02,  1.18232E+02,  2.71713E-03, -8.81957E-02
527,5.63718E-02,  1.18145E+02,  2.70951E-03, -1.02549E-01
528,5.64441E-02,  1.18360E+02,  2.70190E-03, -1.13179E-01
529,5.65165E-02,  1.18871E+02,  2.69428E-03, -1.27589E-01
530,5.65888E-02,  1.18626E+02,  2.68766E-03, -1.41637E-01
531,5.66611E-02,  1.18685E+02,  2.68104E-03, -1.51828E-01
532,5.67334E-02,  1.19072E+02,  2.67442E-03, -1.65893E-01
533,5.68058E-02,  1.18660E+02,  2.66884E-03, -1.79527E-01
534,5.68781E-02,  1.18550E+02,  2.66325E-03, -1.89185E-01
535,5.69504E-02,  1.18801E+02,  2.65766E-03, -2.02795E-01
536,5.70226E-02,  1.18215E+02,  2.65314E-03, -2.15906E-01
537,5.70949E-02,  1.17925E+02,  2.64862E-03, -2.24938E-01
538,5.71672E-02,  1.18031E+02,  2.64410E-03, -2.37982E-01
539,5.72394E-02,  1.17266E+02,  2.64067E-03, -2.50460E-01
540,5.73116E-02,  1.16789E+02,  2.63724E-03, -2.58777E-01
541,5.73838E-02,  1.16739E+02,  2.63381E-03, -2.71147E-01
542,5.74560E-02,  1.15796E+02,  2.63151E-03, -2.82886E-01
543,5.75281E-02,  1.15126E+02,  2.62920E-03, -2.90406E-01
544,5.76003E-02,  1.14916E+02,  2.62690E-03, -3.01999E-01
545,5.76724E-02,  1.13796E+02,  2.62574E-03, -3.12900E-01
546,5.77444E-02,  1.12933E+02,  2.62459E-03, -3.19552E-01
547,5.78165E-02,  1.12558E+02,  2.62343E-03, -3.30270E-01
548,5.78885E-02,  1.11268E+02,  2.62345E-03, -3.40246E-01
549,5.79605E-02,  1.10216E+02,  2.62347E-03, -3.45969E-01
550,5.80324E-02,  1.09676E+02,  2.62348E-03, -3.55728E-01
551,5.81043E-02,  1.08225E+02,  2.62469E-03, -3.64702E-01
552,5.81762E-02,  1.06992E+02,  2.62590E-03, -3.69451E-01
553,5.82481E-02,  1.06289E+02,  2.62711E-03, -3.78181E-01
554,5.83198E-02,  1.04690E+02,  2.62953E-03, -3.86092E-01
555,5.83915E-02,  1.03288E+02,  2.63195E-03, -3.89836E-01
556,5.84633E-02,  1.02428E+02,  2.63437E-03, -3.97482E-01
557,5.85349E-02,  1.00697E+02,  2.63801E-03, -4.04287E-01
558,5.86065E-02,  9.91423E+01,  2.64165E-03, -4.07016E-01
559,5.86781E-02,  9.81351E+01,  2.64530E-03, -4.13541E-01
560,5.87495E-02,  9.62907E+01,  2.65017E-03, -4.19217E-01
561,5.88209E-02,  9.46050E+01,  2.65505E-03, -4.20935E-01
562,5.88924E-02,  9.34649E+01,  2.65993E-03, -4.26324E-01
563,5.89636E-02,  9.15312E+01,  2.66605E-03, -4.30871E-01
564,5.90349E-02,  8.97368E+01,  2.67217E-03, -4.31600E-01
565,5.91061E-02,  8.84722E+01,  2.67829E-03, -4.35853E-01
566,5.91771E-02,  8.64598E+01,  2.68566E-03, -4.39246E-01
567,5.92482E-02,  8.45720E+01,  2.69302E-03, -4.38969E-01
568,5.93192E-02,  8.31986E+01,  2.70039E-03, -4.42037E-01
569,5.93901E-02,  8.11368E+01,  2.70900E-03, -4.44265E-01
570,5.94609E-02,  7.91900E+01,  2.71762E-03, -4.43021E-01
571,5.95317E-02,  7.77334E+01,  2.72623E-03, -4.44948E-01
572,5.96023E-02,  7.56484E+01,  2.73609E-03, -4.46079E-01
573,5.96729E-02,  7.36672E+01,  2.74595E-03, -4.43952E-01
574,5.97435E-02,  7.21452E+01,  2.75581E-03, -4.44813E-01
575,5.98139E-02,  7.00561E+01,  2.76692E-03, -4.44928E-01
576,5.98842E-02,  6.80613E+01,  2.77802E-03, -4.42009E-01
577,5.99546E-02,  6.64909E+01,  2.78912E-03, -4.41887E-01
578,6.00246E-02,  6.44163E+01,  2.80145E-03, -4.41076E-01
579,6.00947E-02,  6.24276E+01,  2.81379E-03, -4.37464E-01
580,6.01648E-02,  6.08272E+01,  2.82612E-03, -4.36450E-01
581,6.02346E-02,  5.87854E+01,  2.83968E-03, -4.34812E-01
582,6.03044E-02,  5.68225E+01,  2.85324E-03, -4.30607E-01
583,6.03742E-02,  5.52112E+01,  2.86680E-03, -4.28801E-01
584,6.04437E-02,  5.32202E+01,  2.88157E-03, -4.26440E-01
585,6.05131E-02,  5.13020E+01,  2.89634E-03, -4.21747E-01
586,6.05826E-02,  4.96993E+01,  2.91111E-03, -4.19254E-01
587,6.06518E-02,  4.77757E+01,  2.92708E-03, -4.16278E-01
588,6.07210E-02,  4.59201E+01,  2.94305E-03, -4.11203E-01
589,6.07902E-02,  4.43451E+01,  2.95902E-03, -4.08129E-01
590,6.08590E-02,  4.25047E+01,  2.97617E-03, -4.04646E-01
591,6.09279E-02,  4.07279E+01,  2.99333E-03, -3.99295E-01
592,6.09967E-02,  3.91991E+01,  3.01048E-03, -3.95748E-01
593,6.10653E-02,  3.74559E+01,  3.02880E-03, -3.91865E-01
594,6.11338E-02,  3.57728E+01,  3.04712E-03, -3.86338E-01
595,6.12023E-02,  3.43074E+01,  3.06544E-03, -3.82422E-01
596,6.12704E-02,  3.26740E+01,  3.08491E-03, -3.78242E-01
597,6.13386E-02,  3.10981E+01,  3.10438E-03, -3.72635E-01
598,6.14068E-02,  2.97124E+01,  3.12385E-03, -3.68451E-01
599,6.14746E-02,  2.82003E+01,  3.14445E-03, -3.64068E-01
600,6.15424E-02,  2.67441E+01,  3.16505E-03, -3.58468E-01
601,6.16102E-02,  2.54541E+01,  3.18565E-03, -3.54106E-01
602,6.16776E-02,  2.40750E+01,  3.20737E-03, -3.49607E-01
603,6.17450E-02,  2.27516E+01,  3.22908E-03, -3.44091E-01
604,6.18125E-02,  2.15742E+01,  3.25080E-03, -3.39641E-01
605,6.18795E-02,  2.03396E+01,  3.27361E-03, -3.35113E-01
606,6.19465E-02,  1.91590E+01,  3.29643E-03, -3.29766E-01
607,6.20136E-02,  1.81010E+01,  3.31924E-03, -3.25342E-01
608,6.20802E-02,  1.69997E+01,  3.34313E-03, -3.20924E-01
609,6.21469E-02,  1.59291E+01,  3.36702E-03, -3.15904E-01
610,6.22135E-02,  1.49269E+01,  3.39091E-03, -3.11710E-01
611,6.22798E-02,  1.38542E+01,  3.41587E-03, -3.07601E-01
612,6.23460E-02,  1.27460E+01,  3.44082E-03, -3.03025E-01
613,6.24122E-02,  1.16301E+01,  3.46577E-03, -2.98700E-01
614,6.24781E-02,  1.04210E+01,  3.49177E-03, -2.93676E-01
615,6.25439E-02,  9.21235E+00,  3.51776E-03, -2.88230E-01
616,6.26097E-02,  8.09511E+00,  3.54376E-03, -2.83180E-01
617,6.26751E-02,  7.01144E+00,  3.57078E-03, -2.78170E-01
618,6.27405E-02,  5.98932E+00,  3.59780E-03, -2.72971E-01
619,6.28059E-02,  5.04822E+00,  3.62482E-03, -2.68110E-01
620,6.28709E-02,  4.14388E+00,  3.65285E-03, -2.63328E-01
621,6.29359E-02,  3.29053E+00,  3.68088E-03, -2.58500E-01
622,6.30008E-02,  2.49763E+00,  3.70891E-03, -2.53914E-01
623,6.30654E-02,  1.74139E+00,  3.73793E-03, -2.49414E-01
624,6.31299E-02,  1.02747E+00,  3.76694E-03, -2.44977E-01
625,6.31944E-02,  3.57101E-01,  3.79596E-03, -2.40689E-01
626,6.32585E-02, -2.75451E-01,  3.82595E-03, -2.36490E-01
627,6.33226E-02, -8.71101E-01,  3.85594E-03, -2.32440E-01
628,6.33867E-02, -1.43681E+00,  3.88593E-03, -2.28458E-01
629,6.34503E-02, -1.96288E+00,  3.91688E-03, -2.24566E-01
630,6.35139E-02, -2.45540E+00,  3.94782E-03, -2.20890E-01
631,6.35776E-02, -2.92924E+00,  3.97877E-03, -2.17212E-01
632,6.36407E-02, -3.36200E+00,  4.01065E-03, -2.13625E-01
633,6.37039E-02, -3.76356E+00,  4.04254E-03, -2.10306E-01
634,6.37671E-02, -4.15600E+00,  4.07443E-03, -2.06928E-01
635,6.38298E-02, -4.50649E+00,  4.10724E-03, -2.03636E-01
636,6.38924E-02, -4.82756E+00,  4.14005E-03, -2.00654E-01
637,6.39551E-02, -5.14772E+00,  4.17286E-03, -1.97563E-01
638,6.40173E-02, -5.42589E+00,  4.20658E-03, -1.94555E-01
639,6.40796E-02, -5.67615E+00,  4.24030E-03, -1.91887E-01
640,6.41418E-02, -5.93248E+00,  4.27403E-03, -1.89069E-01
641,6.42035E-02, -6.14742E+00,  4.30865E-03, -1.86330E-01
642,6.42652E-02, -6.33579E+00,  4.34327E-03, -1.83952E-01
643,6.43269E-02, -6.53603E+00,  4.37789E-03, -1.81392E-01
644,6.43881E-02, -6.69606E+00,  4.41339E-03, -1.78907E-01
645,6.44494E-02, -6.83074E+00,  4.44890E-03, -1.76794E-01
646,6.45106E-02, -6.98209E+00,  4.48440E-03, -1.74476E-01
647,6.45713E-02, -7.09486E+00,  4.52078E-03, -1.72226E-01
648,6.46320E-02, -7.18351E+00,  4.55716E-03, -1.70354E-01
649,6.46927E-02, -7.29270E+00,  4.59353E-03, -1.68260E-01
650,6.47529E-02, -7.36529E+00,  4.63077E-03, -1.66226E-01
651,6.48131E-02, -7.41490E+00,  4.66801E-03, -1.64571E-01
652,6.48733E-02, -7.48809E+00,  4.70525E-03, -1.62683E-01
653,6.49330E-02, -7.52684E+00,  4.74333E-03, -1.60848E-01
654,6.49926E-02, -7.54367E+00,  4.78142E-03, -1.59388E-01
655,6.50523E-02, -7.58631E+00,  4.81951E-03, -1.57688E-01
656,6.51114E-02, -7.59675E+00,  4.85843E-03, -1.56034E-01
657,6.51706E-02, -7.58625E+00,  4.89736E-03, -1.54749E-01
658,6.52297E-02, -7.60312E+00,  4.93628E-03, -1.53220E-01
659,6.52883E-02, -7.59006E+00,  4.97603E-03, -1.51731E-01
660,6.53469E-02, -7.55699E+00,  5.01579E-03, -1.50600E-01
661,6.54055E-02, -7.55227E+00,  5.05554E-03, -1.49226E-01
662,6.54635E-02, -7.51989E+00,  5.09610E-03, -1.47886E-01
663,6.55215E-02, -7.46840E+00,  5.13667E-03, -1.46891E-01
664,6.55796E-02, -7.44578E+00,  5.17724E-03, -1.45658E-01
665,6.56370E-02, -7.39773E+00,  5.21861E-03, -1.44453E-01
666,6.56945E-02, -7.33148E+00,  5.25999E-03, -1.43579E-01
667,6.57520E-02, -7.29427E+00,  5.30136E-03, -1.42473E-01
668,6.58088E-02, -7.23386E+00,  5.34353E-03, -1.41391E-01
669,6.58657E-02, -7.15621E+00,  5.38570E-03, -1.40625E-01
670,6.59226E-02, -7.10755E+00,  5.42787E-03, -1.39635E-01
671,6.59789E-02, -7.03792E+00,  5.47082E-03, -1.38665E-01
672,6.60352E-02, -6.95208E+00,  5.51377E-03, -1.37995E-01
673,6.60916E-02, -6.89506E+00,  5.55673E-03, -1.37110E-01
674,6.61473E-02, -6.81929E+00,  5.60046E-03, -1.36242E-01
675,6.62030E-02, -6.72846E+00,  5.64419E-03, -1.35658E-01
676,6.62587E-02, -6.66617E+00,  5.68792E-03, -1.34868E-01
677,6.63138E-02, -6.58732E+00,  5.73241E-03, -1.34092E-01
678,6.63689E-02, -6.49457E+00,  5.77690E-03, -1.33583E-01
679,6.64240E-02, -6.43003E+00,  5.82140E-03, -1.32878E-01
680,6.64785E-02, -6.35100E+00,  5.86665E-03, -1.32185E-01
681,6.65330E-02, -6.25919E+00,  5.91190E-03, -1.31742E-01
682,6.65875E-02, -6.19517E+00,  5.95715E-03, -1.31113E-01
683,6.66414E-02, -6.11850E+00,  6.00315E-03, -1.30492E-01
684,6.66953E-02, -6.03008E+00,  6.04914E-03, -1.30106E-01
685,6.67492E-02, -5.96886E+00,  6.09514E-03, -1.29543E-01
686,6.68024E-02, -5.89660E+00,  6.14187E-03, -1.28985E-01
687,6.68557E-02, -5.81336E+00,  6.18860E-03, -1.28646E-01
688,6.69089E-02, -5.75662E+00,  6.23533E-03, -1.28139E-01
689,6.69615E-02, -5.69009E+00,  6.28279E-03, -1.27633E-01
690,6.70141E-02, -5.61313E+00,  6.33025E-03, -1.27334E-01
691,6.70667E-02, -5.56178E+00,  6.37771E-03, -1.26872E-01
692,6.71187E-02, -5.50155E+00,  6.42588E-03, -1.26410E-01
693,6.71706E-02, -5.43115E+00,  6.47406E-03, -1.26140E-01
694,6.72226E-02, -5.38533E+00,  6.52223E-03, -1.25715E-01
695,6.72739E-02, -5.33121E+00,  6.57112E-03, -1.25287E-01
696,6.73252E-02, -5.26693E+00,  6.62000E-03, -1.25039E-01
697,6.73765E-02, -5.22605E+00,  6.66888E-03, -1.24642E-01
698,6.74271E-02, -5.17717E+00,  6.71846E-03, -1.24240E-01
699,6.74777E-02, -5.11791E+00,  6.76804E-03, -1.24008E-01
700,6.75284E-02, -5.08079E+00,  6.81762E-03, -1.23632E-01
701,6.75783E-02, -5.03576E+00,  6.86788E-03, -1.23249E-01
702,6.76283E-02, -4.97996E+00,  6.91815E-03, -1.23027E-01
703,6.76782E-02, -4.94498E+00,  6.96841E-03, -1.22666E-01
704,6.77275E-02, -4.90202E+00,  7.01936E-03, -1.22297E-01
705,6.77767E-02, -4.84784E+00,  7.07030E-03, -1.22081E-01
706,6.78260E-02, -4.81312E+00,  7.12124E-03, -1.21731E-01
707,6.78746E-02, -4.77030E+00,  7.17285E-03, -1.21372E-01
708,6.79231E-02, -4.71578E+00,  7.22446E-03, -1.21159E-01
709,6.79717E-02, -4.67939E+00,  7.27607E-03, -1.20817E-01
710,6.80196E-02, -4.63475E+00,  7.32834E-03, -1.20467E-01
711,6.80674E-02, -4.57799E+00,  7.38061E-03, -1.20254E-01
712,6.81153E-02, -4.53805E+00,  7.43287E-03, -1.19920E-01
713,6.81625E-02, -4.48975E+00,  7.48579E-03, -1.19576E-01
714,6.82096E-02, -4.42900E+00,  7.53870E-03, -1.19364E-01
715,6.82568E-02, -4.38380E+00,  7.59162E-03, -1.19036E-01
716,6.83032E-02, -4.33020E+00,  7.64517E-03, -1.18700E-01
717,6.83497E-02, -4.26395E+00,  7.69872E-03, -1.18489E-01
718,6.83961E-02, -4.21200E+00,  7.75227E-03, -1.18168E-01
719,6.84418E-02, -4.15168E+00,  7.80645E-03, -1.17839E-01
720,6.84875E-02, -4.07864E+00,  7.86062E-03, -1.17630E-01
721,6.85332E-02, -4.01864E+00,  7.91480E-03, -1.17317E-01
722,6.85782E-02, -3.95037E+00,  7.96959E-03, -1.16999E-01
723,6.86232E-02, -3.86941E+00,  8.02439E-03, -1.16792E-01
724,6.86681E-02, -3.80021E+00,  8.07918E-03, -1.16491E-01
725,6.87124E-02, -3.72291E+00,  8.13458E-03, -1.16185E-01
726,6.87566E-02, -3.63312E+00,  8.18998E-03, -1.15984E-01
727,6.88008E-02, -3.55377E+00,  8.24537E-03, -1.15698E-01
728,6.88443E-02, -3.46663E+00,  8.30137E-03, -1.15411E-01
729,6.88878E-02, -3.36746E+00,  8.35736E-03, -1.15222E-01
730,6.89312E-02, -3.27754E+00,  8.41335E-03, -1.14958E-01
731,6.89740E-02, -3.18034E+00,  8.46993E-03, -1.14695E-01
732,6.90167E-02, -3.07185E+00,  8.52650E-03, -1.14525E-01
733,6.90594E-02, -2.97151E+00,  8.58308E-03, -1.14289E-01
734,6.91014E-02, -2.86463E+00,  8.64023E-03, -1.14056E-01
735,6.91433E-02, -2.74751E+00,  8.69738E-03, -1.13910E-01
736,6.91853E-02, -2.63760E+00,  8.75452E-03, -1.13709E-01
737,6.92264E-02, -2.52208E+00,  8.81223E-03, -1.13515E-01
738,6.92676E-02, -2.39771E+00,  8.86995E-03, -1.13400E-01
739,6.93088E-02, -2.27976E+00,  8.92766E-03, -1.13241E-01
740,6.93492E-02, -2.15742E+00,  8.98592E-03, -1.13092E-01
741,6.93896E-02, -2.02796E+00,  9.04418E-03, -1.13015E-01
742,6.94300E-02, -1.90436E+00,  9.10244E-03, -1.12906E-01
743,6.94696E-02, -1.77789E+00,  9.16124E-03, -1.12810E-01
744,6.95092E-02, -1.64642E+00,  9.22004E-03, -1.12779E-01
745,6.95488E-02, -1.52065E+00,  9.27885E-03, -1.12727E-01
746,6.95876E-02, -1.39398E+00,  9.33818E-03, -1.12693E-01
747,6.96264E-02, -1.26505E+00,  9.39751E-03, -1.12716E-01
748,6.96652E-02, -1.14243E+00,  9.45684E-03, -1.12731E-01
749,6.97032E-02, -1.02156E+00,  9.51669E-03, -1.12763E-01
750,6.97413E-02, -9.01460E-01,  9.57653E-03, -1.12837E-01
751,6.97793E-02, -7.87513E-01,  9.63638E-03, -1.12895E-01
752,6.98165E-02, -6.74761E-01,  9.69674E-03, -1.12946E-01
753,6.98537E-02, -5.59400E-01,  9.75709E-03, -1.13006E-01
754,6.98909E-02, -4.41297E-01,  9.81745E-03, -1.13065E-01
755,6.99272E-02, -3.17488E-01,  9.87830E-03, -1.13222E-01
756,6.99636E-02, -1.98672E-01,  9.93915E-03, -1.13687E-01
757,7.00000E-02, -2.05305E-01,  1.00000E-02, -1.14755E-01
758,7.02466E-02, -4.07086E-01,  1.00000E-02, -1.15139E-01
759,7.04994E-02, -6.79986E-01,  1.00000E-02, -1.15327E-01
760,7.07586E-02, -9.39231E-01,  1.00000E-02, -1.15427E-01
761,7.10244E-02, -1.18213E+00,  1.00000E-02, -1.15457E-01
762,7.12969E-02, -1.40581E+00,  1.00000E-02, -1.15442E-01
763,7.15764E-02, -1.61208E+00,  1.00000E-02, -1.15397E-01
764,7.18629E-02, -1.80427E+00,  1.00000E-02, -1.15328E-01
765,7.21567E-02, -1.98584E+00,  1.00000E-02, -1.15235E-01
766,7.24580E-02, -2.15971E+00,  1.00000E-02, -1.15118E-01
767,7.27669E-02, -2.32812E+00,  1.00000E-02, -1.14974E-01
768,7.30837E-02, -2.49280E+00,  1.00000E-02, -1.14800E-01
769,7.34084E-02, -2.65503E+00,  1.00000E-02, -1.14595E-01
770,7.37415E-02, -2.81584E+00,  1.00000E-02, -1.14355E-01
771,7.40829E-02, -2.97610E+00,  1.00000E-02, -1.14080E-01
772,7.44331E-02, -3.13662E+00,  1.00000E-02, -1.13765E-01
773,7.47921E-02, -3.29822E+00,  1.00000E-02, -1.13409E-01
774,7.51602E-02, -3.46185E+00,  1.00000E-02, -1.13010E-01
775,7.55377E-02, -3.62862E+00,  1.00000E-02, -1.12566E-01
776,7.59247E-02, -3.79993E+00,  1.00000E-02, -1.12074E-01
777,7.63216E-02, -3.97757E+00,  1.00000E-02, -1.11532E-01
778,7.67285E-02, -4.16386E+00,  1.00000E-02, -1.10937E-01
779,7.71458E-02, -4.36180E+00,  1.00000E-02, -1.10285E-01
780,7.75736E-02, -4.57519E+00,  1.00000E-02, -1.09571E-01
781,7.80123E-02, -4.80874E+00,  1.00000E-02, -1.08790E-01
782,7.84621E-02, -5.06814E+00,  1.00000E-02, -1.07930E-01
783,7.89234E-02, -5.35993E+00,  1.00000E-02, -1.06978E-01
784,7.93963E-02, -5.69120E+00,  1.00000E-02, -1.05911E-01
785,7.98812E-02, -6.06891E+00,  1.00000E-02, -1.04697E-01
786,8.03785E-02, -6.49886E+00,  1.00000E-02, -1.03288E-01
787,8.08883E-02, -6.98403E+00,  1.00000E-02, -1.01621E-01
788,8.14111E-02, -7.52268E+00,  1.00000E-02, -9.96096E-02
789,8.19472E-02, -8.10615E+00,  1.00000E-02, -9.71431E-02
790,8.24968E-02, -8.71703E+00,  1.00000E-02, -9.40910E-02
791,8.30604E-02, -9.32840E+00,  1.00000E-02, -9.03082E-02
792,8.36383E-02, -9.90456E+00,  1.00000E-02, -8.56500E-02
793,8.42308E-02, -1.04037E+01,  1.00000E-02, -7.99907E-02
794,8.48384E-02, -1.07813E+01,  1.00000E-02, -7.32471E-02
795,8.54614E-02, -1.09963E+01,  1.00000E-02, -6.53875E-02
796,8.61002E-02, -1.10140E+01,  1.00000E-02, -5.64892E-02
797,8.67553E-02, -1.08048E+01,  1.00000E-02, -4.67094E-02
798,8.74269E-02, -1.03494E+01,  1.00000E-02, -3.62751E-02
799,8.81156E-02, -9.64676E+00,  1.00000E-02, -2.54908E-02
800,8.88217E-02, -8.71326E+00,  1.00000E-02, -1.46992E-02
801,8.95458E-02, -7.57927E+00,  1.00000E-02, -4.26274E-03
802,9.02882E-02, -6.28609E+00,  1.00000E-02,  5.49739E-03
803,9.10495E-02, -4.88289E+00,  1.00000E-02,  1.42744E-02
804,9.18300E-02, -3.42209E+00,  1.00000E-02,  2.18878E-02
805,9.26304E-02, -1.95222E+00,  1.00000E-02,  2.81904E-02
806,9.34511E-02, -5.24880E-01,  1.00000E-02,  3.31746E-02
807,9.42926E-02,  7.94999E-01,  1.00000E-02,  3.68061E-02
808,9.51555E-02,  1.95652E+00,  1.00000E-02,  3.91019E-02
809,9.60402E-02,  2.94458E+00,  1.00000E-02,  4.03128E-02
810,9.69474E-02,  3.76168E+00,  1.00000E-02,  4.06388E-02
811,9.78776E-02,  4.41459E+00,  1.00000E-02,  4.03039E-02
812,9.88314E-02,  4.91538E+00,  1.00000E-02,  3.94938E-02
813,9.98094E-02,  5.28063E+00,  1.00000E-02,  3.83819E-02
814,1.00812E-01,  5.52973E+00,  1.00000E-02,  3.71017E-02
815,1.01840E-01,  5.68340E+00,  1.00000E-02,  3.57583E-02
816,1.02895E-01,  5.76218E+00,  1.00000E-02,  3.44245E-02
817,1.03976E-01,  5.78549E+00,  1.00000E-02,  3.31443E-02
818,1.05084E-01,  5.77019E+00,  1.00000E-02,  3.19436E-02
819,1.06221E-01,  5.73018E+00,  1.00000E-02,  3.08420E-02
820,1.07387E-01,  5.67748E+00,  1.00000E-02,  2.98305E-02
821,1.08582E-01,  5.62171E+00,  1.00000E-02,  2.88882E-02
822,1.09807E-01,  5.56944E+00,  1.00000E-02,  2.79911E-02
823,1.11063E-01,  5.52489E+00,  1.00000E-02,  2.71140E-02
824,1.12352E-01,  5.49052E+00,  1.00000E-02,  2.62333E-02
825,1.13673E-01,  5.46737E+00,  1.00000E-02,  2.53271E-02
826,1.15027E-01,  5.45549E+00,  1.00000E-02,  2.43765E-02
827,1.16416E-01,  5.45434E+00,  1.00000E-02,  2.33654E-02
828,1.17840E-01,  5.46274E+00,  1.00000E-02,  2.22812E-02
829,1.19301E-01,  5.47890E+00,  1.00000E-02,  2.11156E-02
830,1.20798E-01,  5.50084E+00,  1.00000E-02,  1.98614E-02
831,1.22333E-01,  5.52677E+00,  1.00000E-02,  1.85147E-02
832,1.23907E-01,  5.55500E+00,  1.00000E-02,  1.70722E-02
833,1.25522E-01,  5.58410E+00,  1.00000E-02,  1.55345E-02
834,1.27177E-01,  5.61287E+00,  1.00000E-02,  1.39008E-02
835,1.28874E-01,  5.64039E+00,  1.00000E-02,  1.21753E-02
836,1.30614E-01,  5.66603E+00,  1.00000E-02,  1.03576E-02
837,1.32398E-01,  5.68936E+00,  1.00000E-02,  8.45397E-03
838,1.34228E-01,  5.71005E+00,  1.00000E-02,  6.46316E-03
839,1.36104E-01,  5.72756E+00,  1.00000E-02,  4.39168E-03
840,1.38028E-01,  5.74154E+00,  1.00000E-02,  2.23928E-03
841,1.40000E-01,  5.74764E+00,  1.00000E-02,  1.36622E-05
