 1,6.72044E-44,  5.83401E+00,  1.00000E-02,  1.20123E+00
 2,1.30767E-03,  5.83463E+00,  1.00000E-02,  1.19966E+00
 3,2.53992E-03,  5.83578E+00,  1.00000E-02,  1.19818E+00
 4,3.70108E-03,  5.83684E+00,  1.00000E-02,  1.19678E+00
 5,4.79527E-03,  5.83793E+00,  1.00000E-02,  1.19547E+00
 6,5.82634E-03,  5.83911E+00,  1.00000E-02,  1.19422E+00
 7,6.79794E-03,  5.84043E+00,  1.00000E-02,  1.19305E+00
 8,7.71349E-03,  5.84194E+00,  1.00000E-02,  1.19195E+00
 9,8.57623E-03,  5.84365E+00,  1.00000E-02,  1.19091E+00
10,9.38921E-03,  5.84558E+00,  1.00000E-02,  1.18992E+00
11,1.01553E-02,  5.84777E+00,  1.00000E-02,  1.18899E+00
12,1.08772E-02,  5.85021E+00,  1.00000E-02,  1.18812E+00
13,1.15574E-02,  5.85294E+00,  1.00000E-02,  1.18729E+00
14,1.21985E-02,  5.85597E+00,  1.00000E-02,  1.18651E+00
15,1.28025E-02,  5.85931E+00,  1.00000E-02,  1.18578E+00
16,1.33717E-02,  5.86298E+00,  1.00000E-02,  1.18508E+00
17,1.39081E-02,  5.86702E+00,  1.00000E-02,  1.18442E+00
18,1.44135E-02,  5.87145E+00,  1.00000E-02,  1.18380E+00
19,1.48898E-02,  5.87631E+00,  1.00000E-02,  1.18321E+00
20,1.53386E-02,  5.88163E+00,  1.00000E-02,  1.18266E+00
21,1.57615E-02,  5.88748E+00,  1.00000E-02,  1.18213E+00
22,1.61600E-02,  5.89392E+00,  1.00000E-02,  1.18163E+00
23,1.65355E-02,  5.90102E+00,  1.00000E-02,  1.18116E+00
24,1.68894E-02,  5.90889E+00,  1.00000E-02,  1.18072E+00
25,1.72228E-02,  5.91765E+00,  1.00000E-02,  1.18030E+00
26,1.75371E-02,  5.92747E+00,  1.00000E-02,  1.17990E+00
27,1.78332E-02,  5.93854E+00,  1.00000E-02,  1.17952E+00
28,1.81122E-02,  5.95114E+00,  1.00000E-02,  1.17916E+00
29,1.83751E-02,  5.96564E+00,  1.00000E-02,  1.17882E+00
30,1.86229E-02,  5.98253E+00,  1.00000E-02,  1.17850E+00
31,1.88563E-02,  6.00253E+00,  1.00000E-02,  1.17819E+00
32,1.90763E-02,  6.02656E+00,  1.00000E-02,  1.17790E+00
33,1.92836E-02,  6.05598E+00,  1.00000E-02,  1.17763E+00
34,1.94790E-02,  6.09624E+00,  1.00000E-02,  1.17740E+00
35,1.96631E-02,  6.16768E+00,  1.00000E-02,  1.17729E+00
36,1.98365E-02,  6.30281E+00,  1.00000E-02,  1.17729E+00
37,2.00000E-02,  6.40154E+00,  1.00000E-02,  1.17610E+00
38,2.00780E-02,  6.31373E+00,  1.00077E-02,  1.17389E+00
39,2.01560E-02,  6.11235E+00,  1.00155E-02,  1.17356E+00
40,2.02340E-02,  5.93052E+00,  1.00232E-02,  1.17391E+00
41,2.03120E-02,  5.79227E+00,  1.00307E-02,  1.17431E+00
42,2.03901E-02,  5.68515E+00,  1.00381E-02,  1.17454E+00
43,2.04681E-02,  5.59689E+00,  1.00455E-02,  1.17471E+00
44,2.05461E-02,  5.52146E+00,  1.00526E-02,  1.17481E+00
45,2.06242E-02,  5.45157E+00,  1.00597E-02,  1.17485E+00
46,2.07022E-02,  5.38574E+00,  1.00668E-02,  1.17492E+00
47,2.07803E-02,  5.32589E+00,  1.00736E-02,  1.17499E+00
48,2.08584E-02,  5.26895E+00,  1.00804E-02,  1.17503E+00
49,2.09364E-02,  5.21497E+00,  1.00872E-02,  1.17510E+00
50,2.10145E-02,  5.16612E+00,  1.00937E-02,  1.17516E+00
51,2.10926E-02,  5.11942E+00,  1.01002E-02,  1.17520E+00
52,2.11707E-02,  5.07485E+00,  1.01066E-02,  1.17526E+00
53,2.12488E-02,  5.03457E+00,  1.01128E-02,  1.17533E+00
54,2.13269E-02,  4.99571E+00,  1.01190E-02,  1.17535E+00
55,2.14050E-02,  4.95838E+00,  1.01251E-02,  1.17541E+00
56,2.14831E-02,  4.92470E+00,  1.01309E-02,  1.17547E+00
57,2.15613E-02,  4.89199E+00,  1.01368E-02,  1.17550E+00
58,2.16394E-02,  4.86038E+00,  1.01426E-02,  1.17555E+00
59,2.17175E-02,  4.83201E+00,  1.01481E-02,  1.17561E+00
60,2.17957E-02,  4.80427E+00,  1.01536E-02,  1.17563E+00
61,2.18738E-02,  4.77734E+00,  1.01592E-02,  1.17568E+00
62,2.19520E-02,  4.75334E+00,  1.01644E-02,  1.17573E+00
63,2.20301E-02,  4.72973E+00,  1.01696E-02,  1.17574E+00
64,2.21083E-02,  4.70672E+00,  1.01748E-02,  1.17579E+00
65,2.21865E-02,  4.68641E+00,  1.01796E-02,  1.17583E+00
66,2.22647E-02,  4.66631E+00,  1.01845E-02,  1.17585E+00
67,2.23428E-02,  4.64665E+00,  1.01894E-02,  1.17589E+00
68,2.24210E-02,  4.62950E+00,  1.01939E-02,  1.17593E+00
69,2.24992E-02,  4.61242E+00,  1.01985E-02,  1.17594E+00
70,2.25774E-02,  4.59566E+00,  1.02031E-02,  1.17598E+00
71,2.26556E-02,  4.58127E+00,  1.02073E-02,  1.17602E+00
72,2.27338E-02,  4.56684E+00,  1.02115E-02,  1.17602E+00
73,2.28120E-02,  4.55263E+00,  1.02158E-02,  1.17606E+00
74,2.28902E-02,  4.54067E+00,  1.02197E-02,  1.17609E+00
75,2.29684E-02,  4.52859E+00,  1.02236E-02,  1.17609E+00
76,2.30466E-02,  4.51665E+00,  1.02275E-02,  1.17613E+00
77,2.31248E-02,  4.50686E+00,  1.02311E-02,  1.17616E+00
78,2.32031E-02,  4.49687E+00,  1.02347E-02,  1.17615E+00
79,2.32813E-02,  4.48697E+00,  1.02383E-02,  1.17618E+00
80,2.33595E-02,  4.47914E+00,  1.02416E-02,  1.17621E+00
81,2.34377E-02,  4.47106E+00,  1.02449E-02,  1.17621E+00
82,2.35160E-02,  4.46301E+00,  1.02481E-02,  1.17623E+00
83,2.35942E-02,  4.45696E+00,  1.02511E-02,  1.17625E+00
84,2.36724E-02,  4.45062E+00,  1.02541E-02,  1.17625E+00
85,2.37507E-02,  4.44426E+00,  1.02570E-02,  1.17627E+00
86,2.38289E-02,  4.43987E+00,  1.02597E-02,  1.17629E+00
87,2.39071E-02,  4.43513E+00,  1.02623E-02,  1.17628E+00
88,2.39854E-02,  4.43035E+00,  1.02649E-02,  1.17629E+00
89,2.40636E-02,  4.42749E+00,  1.02672E-02,  1.17631E+00
90,2.41419E-02,  4.42425E+00,  1.02696E-02,  1.17630E+00
91,2.42201E-02,  4.42094E+00,  1.02719E-02,  1.17631E+00
92,2.42984E-02,  4.41952E+00,  1.02739E-02,  1.17632E+00
93,2.43766E-02,  4.41768E+00,  1.02759E-02,  1.17630E+00
94,2.44549E-02,  4.41575E+00,  1.02779E-02,  1.17631E+00
95,2.45331E-02,  4.41567E+00,  1.02795E-02,  1.17632E+00
96,2.46114E-02,  4.41514E+00,  1.02812E-02,  1.17630E+00
97,2.46896E-02,  4.41450E+00,  1.02829E-02,  1.17631E+00
98,2.47679E-02,  4.41567E+00,  1.02842E-02,  1.17632E+00
99,2.48461E-02,  4.41635E+00,  1.02856E-02,  1.17629E+00
100,2.49244E-02,  4.41688E+00,  1.02869E-02,  1.17630E+00
101,2.50026E-02,  4.41921E+00,  1.02880E-02,  1.17630E+00
102,2.50809E-02,  4.42102E+00,  1.02890E-02,  1.17627E+00
103,2.51591E-02,  4.42267E+00,  1.02900E-02,  1.17627E+00
104,2.52374E-02,  4.42609E+00,  1.02908E-02,  1.17627E+00
105,2.53156E-02,  4.42897E+00,  1.02915E-02,  1.17624E+00
106,2.53939E-02,  4.43168E+00,  1.02922E-02,  1.17624E+00
107,2.54721E-02,  4.43613E+00,  1.02926E-02,  1.17623E+00
108,2.55503E-02,  4.44002E+00,  1.02930E-02,  1.17620E+00
109,2.56286E-02,  4.44373E+00,  1.02934E-02,  1.17619E+00
110,2.57068E-02,  4.44917E+00,  1.02934E-02,  1.17618E+00
111,2.57851E-02,  4.45402E+00,  1.02935E-02,  1.17615E+00
112,2.58633E-02,  4.45868E+00,  1.02936E-02,  1.17614E+00
113,2.59415E-02,  4.46506E+00,  1.02933E-02,  1.17613E+00
114,2.60198E-02,  4.47083E+00,  1.02931E-02,  1.17608E+00
115,2.60980E-02,  4.47641E+00,  1.02928E-02,  1.17607E+00
116,2.61762E-02,  4.48369E+00,  1.02923E-02,  1.17606E+00
117,2.62545E-02,  4.49035E+00,  1.02917E-02,  1.17601E+00
118,2.63327E-02,  4.49680E+00,  1.02911E-02,  1.17600E+00
119,2.64109E-02,  4.50496E+00,  1.02902E-02,  1.17598E+00
120,2.64891E-02,  4.51248E+00,  1.02894E-02,  1.17593E+00
121,2.65673E-02,  4.51977E+00,  1.02885E-02,  1.17591E+00
122,2.66455E-02,  4.52878E+00,  1.02873E-02,  1.17589E+00
123,2.67237E-02,  4.53711E+00,  1.02861E-02,  1.17584E+00
124,2.68020E-02,  4.54523E+00,  1.02848E-02,  1.17581E+00
125,2.68801E-02,  4.55505E+00,  1.02833E-02,  1.17579E+00
126,2.69583E-02,  4.56418E+00,  1.02818E-02,  1.17573E+00
127,2.70365E-02,  4.57309E+00,  1.02803E-02,  1.17571E+00
128,2.71147E-02,  4.58371E+00,  1.02784E-02,  1.17568E+00
129,2.71929E-02,  4.59362E+00,  1.02766E-02,  1.17562E+00
130,2.72711E-02,  4.60330E+00,  1.02747E-02,  1.17559E+00
131,2.73493E-02,  4.61470E+00,  1.02726E-02,  1.17556E+00
132,2.74274E-02,  4.62537E+00,  1.02704E-02,  1.17549E+00
133,2.75056E-02,  4.63580E+00,  1.02682E-02,  1.17546E+00
134,2.75837E-02,  4.64796E+00,  1.02658E-02,  1.17542E+00
135,2.76619E-02,  4.65937E+00,  1.02633E-02,  1.17536E+00
136,2.77401E-02,  4.67055E+00,  1.02608E-02,  1.17532E+00
137,2.78182E-02,  4.68345E+00,  1.02580E-02,  1.17528E+00
138,2.78963E-02,  4.69559E+00,  1.02552E-02,  1.17521E+00
139,2.79745E-02,  4.70749E+00,  1.02524E-02,  1.17516E+00
140,2.80526E-02,  4.72112E+00,  1.02493E-02,  1.17512E+00
141,2.81307E-02,  4.73397E+00,  1.02461E-02,  1.17505E+00
142,2.82088E-02,  4.74658E+00,  1.02430E-02,  1.17500E+00
143,2.82869E-02,  4.76094E+00,  1.02396E-02,  1.17495E+00
144,2.83650E-02,  4.77448E+00,  1.02362E-02,  1.17487E+00
145,2.84431E-02,  4.78779E+00,  1.02327E-02,  1.17482E+00
146,2.85212E-02,  4.80285E+00,  1.02290E-02,  1.17477E+00
147,2.85993E-02,  4.81708E+00,  1.02252E-02,  1.17469E+00
148,2.86773E-02,  4.83107E+00,  1.02214E-02,  1.17463E+00
149,2.87554E-02,  4.84683E+00,  1.02174E-02,  1.17458E+00
150,2.88334E-02,  4.86174E+00,  1.02133E-02,  1.17449E+00
151,2.89115E-02,  4.87639E+00,  1.02092E-02,  1.17443E+00
152,2.89895E-02,  4.89284E+00,  1.02048E-02,  1.17437E+00
153,2.90676E-02,  4.90841E+00,  1.02005E-02,  1.17428E+00
154,2.91456E-02,  4.92373E+00,  1.01961E-02,  1.17422E+00
155,2.92236E-02,  4.94085E+00,  1.01914E-02,  1.17415E+00
156,2.93016E-02,  4.95707E+00,  1.01867E-02,  1.17406E+00
157,2.93796E-02,  4.97304E+00,  1.01819E-02,  1.17399E+00
158,2.94576E-02,  4.99084E+00,  1.01769E-02,  1.17392E+00
159,2.95356E-02,  5.00771E+00,  1.01719E-02,  1.17382E+00
160,2.96136E-02,  5.02433E+00,  1.01669E-02,  1.17375E+00
161,2.96915E-02,  5.04278E+00,  1.01615E-02,  1.17368E+00
162,2.97695E-02,  5.06030E+00,  1.01562E-02,  1.17357E+00
163,2.98474E-02,  5.07756E+00,  1.01509E-02,  1.17349E+00
164,2.99253E-02,  5.09668E+00,  1.01452E-02,  1.17342E+00
165,3.00033E-02,  5.11485E+00,  1.01396E-02,  1.17330E+00
166,3.00812E-02,  5.13276E+00,  1.01339E-02,  1.17322E+00
167,3.01591E-02,  5.15258E+00,  1.01280E-02,  1.17314E+00
168,3.02370E-02,  5.17144E+00,  1.01220E-02,  1.17302E+00
169,3.03149E-02,  5.19006E+00,  1.01160E-02,  1.17294E+00
170,3.03927E-02,  5.21063E+00,  1.01097E-02,  1.17285E+00
171,3.04706E-02,  5.23021E+00,  1.01035E-02,  1.17273E+00
172,3.05485E-02,  5.24956E+00,  1.00972E-02,  1.17264E+00
173,3.06263E-02,  5.27090E+00,  1.00906E-02,  1.17255E+00
174,3.07041E-02,  5.29123E+00,  1.00840E-02,  1.17243E+00
175,3.07820E-02,  5.31133E+00,  1.00774E-02,  1.17234E+00
176,3.08597E-02,  5.33343E+00,  1.00705E-02,  1.17224E+00
177,3.09375E-02,  5.35446E+00,  1.00636E-02,  1.17211E+00
178,3.10153E-02,  5.37523E+00,  1.00567E-02,  1.17202E+00
179,3.10931E-02,  5.39803E+00,  1.00495E-02,  1.17192E+00
180,3.11709E-02,  5.42000E+00,  1.00422E-02,  1.17179E+00
181,3.12486E-02,  5.44223E+00,  1.00350E-02,  1.17170E+00
182,3.13263E-02,  5.46587E+00,  1.00275E-02,  1.17161E+00
183,3.14041E-02,  5.48776E+00,  1.00200E-02,  1.17148E+00
184,3.14818E-02,  5.50970E+00,  1.00124E-02,  1.17139E+00
185,3.15595E-02,  5.53389E+00,  1.00046E-02,  1.17129E+00
186,3.16372E-02,  5.55709E+00,  9.99674E-03,  1.17116E+00
187,3.17148E-02,  5.58017E+00,  9.98890E-03,  1.17106E+00
188,3.17925E-02,  5.60543E+00,  9.98074E-03,  1.17095E+00
189,3.18701E-02,  5.62961E+00,  9.97259E-03,  1.17081E+00
190,3.19478E-02,  5.65364E+00,  9.96444E-03,  1.17070E+00
191,3.20254E-02,  5.67984E+00,  9.95598E-03,  1.17059E+00
192,3.21030E-02,  5.70491E+00,  9.94751E-03,  1.17044E+00
193,3.21806E-02,  5.72981E+00,  9.93905E-03,  1.17033E+00
194,3.22582E-02,  5.75687E+00,  9.93028E-03,  1.17021E+00
195,3.23357E-02,  5.78275E+00,  9.92151E-03,  1.17006E+00
196,3.24133E-02,  5.80846E+00,  9.91274E-03,  1.16994E+00
197,3.24908E-02,  5.83633E+00,  9.90366E-03,  1.16982E+00
198,3.25683E-02,  5.86298E+00,  9.89458E-03,  1.16965E+00
199,3.26459E-02,  5.88946E+00,  9.88550E-03,  1.16953E+00
200,3.27233E-02,  5.91812E+00,  9.87611E-03,  1.16940E+00
201,3.28008E-02,  5.94551E+00,  9.86672E-03,  1.16922E+00
202,3.28783E-02,  5.97274E+00,  9.85733E-03,  1.16909E+00
203,3.29557E-02,  6.00217E+00,  9.84764E-03,  1.16896E+00
204,3.30331E-02,  6.03029E+00,  9.83794E-03,  1.16878E+00
205,3.31106E-02,  6.05827E+00,  9.82825E-03,  1.16864E+00
206,3.31880E-02,  6.08846E+00,  9.81825E-03,  1.16850E+00
207,3.32653E-02,  6.11731E+00,  9.80825E-03,  1.16831E+00
208,3.33427E-02,  6.14602E+00,  9.79825E-03,  1.16817E+00
209,3.34201E-02,  6.17698E+00,  9.78794E-03,  1.16802E+00
210,3.34974E-02,  6.20656E+00,  9.77764E-03,  1.16782E+00
211,3.35747E-02,  6.23602E+00,  9.76733E-03,  1.16767E+00
212,3.36520E-02,  6.26776E+00,  9.75672E-03,  1.16751E+00
213,3.37293E-02,  6.29808E+00,  9.74611E-03,  1.16732E+00
214,3.38066E-02,  6.32829E+00,  9.73550E-03,  1.16716E+00
215,3.38838E-02,  6.36081E+00,  9.72458E-03,  1.16699E+00
216,3.39611E-02,  6.39189E+00,  9.71367E-03,  1.16679E+00
217,3.40383E-02,  6.42287E+00,  9.70276E-03,  1.16662E+00
218,3.41155E-02,  6.45619E+00,  9.69154E-03,  1.16645E+00
219,3.41927E-02,  6.48803E+00,  9.68032E-03,  1.16624E+00
220,3.42698E-02,  6.51980E+00,  9.66911E-03,  1.16606E+00
221,3.43470E-02,  6.55395E+00,  9.65759E-03,  1.16588E+00
222,3.44241E-02,  6.58657E+00,  9.64607E-03,  1.16566E+00
223,3.45012E-02,  6.61914E+00,  9.63455E-03,  1.16548E+00
224,3.45783E-02,  6.65413E+00,  9.62273E-03,  1.16530E+00
225,3.46554E-02,  6.68755E+00,  9.61091E-03,  1.16507E+00
226,3.47325E-02,  6.72095E+00,  9.59909E-03,  1.16488E+00
227,3.48095E-02,  6.75680E+00,  9.58698E-03,  1.16469E+00
228,3.48865E-02,  6.79106E+00,  9.57486E-03,  1.16445E+00
229,3.49635E-02,  6.82530E+00,  9.56274E-03,  1.16425E+00
230,3.50405E-02,  6.86204E+00,  9.55032E-03,  1.16405E+00
231,3.51174E-02,  6.89714E+00,  9.53791E-03,  1.16381E+00
232,3.51944E-02,  6.93226E+00,  9.52549E-03,  1.16361E+00
233,3.52713E-02,  6.96992E+00,  9.51277E-03,  1.16340E+00
234,3.53482E-02,  7.00589E+00,  9.50006E-03,  1.16314E+00
235,3.54251E-02,  7.04191E+00,  9.48735E-03,  1.16293E+00
236,3.55020E-02,  7.08051E+00,  9.47434E-03,  1.16272E+00
237,3.55788E-02,  7.11739E+00,  9.46133E-03,  1.16245E+00
238,3.56557E-02,  7.15433E+00,  9.44831E-03,  1.16223E+00
239,3.57325E-02,  7.19390E+00,  9.43501E-03,  1.16201E+00
240,3.58092E-02,  7.23171E+00,  9.42170E-03,  1.16174E+00
241,3.58860E-02,  7.26960E+00,  9.40840E-03,  1.16151E+00
242,3.59628E-02,  7.31018E+00,  9.39480E-03,  1.16128E+00
243,3.60395E-02,  7.34895E+00,  9.38120E-03,  1.16100E+00
244,3.61162E-02,  7.38783E+00,  9.36760E-03,  1.16076E+00
245,3.61929E-02,  7.42944E+00,  9.35371E-03,  1.16052E+00
246,3.62695E-02,  7.46920E+00,  9.33982E-03,  1.16023E+00
247,3.63462E-02,  7.50910E+00,  9.32592E-03,  1.15999E+00
248,3.64228E-02,  7.55178E+00,  9.31174E-03,  1.15974E+00
249,3.64994E-02,  7.59257E+00,  9.29756E-03,  1.15944E+00
250,3.65760E-02,  7.63352E+00,  9.28337E-03,  1.15918E+00
251,3.66525E-02,  7.67731E+00,  9.26890E-03,  1.15893E+00
252,3.67291E-02,  7.71916E+00,  9.25443E-03,  1.15861E+00
253,3.68056E-02,  7.76120E+00,  9.23995E-03,  1.15835E+00
254,3.68821E-02,  7.80612E+00,  9.22519E-03,  1.15808E+00
255,3.69586E-02,  7.84907E+00,  9.21043E-03,  1.15776E+00
256,3.70350E-02,  7.89223E+00,  9.19567E-03,  1.15749E+00
257,3.71114E-02,  7.93835E+00,  9.18062E-03,  1.15721E+00
258,3.71878E-02,  7.98242E+00,  9.16557E-03,  1.15688E+00
259,3.72642E-02,  8.02675E+00,  9.15052E-03,  1.15660E+00
260,3.73406E-02,  8.07409E+00,  9.13519E-03,  1.15631E+00
261,3.74169E-02,  8.11934E+00,  9.11985E-03,  1.15597E+00
262,3.74932E-02,  8.16488E+00,  9.10452E-03,  1.15568E+00
263,3.75695E-02,  8.21349E+00,  9.08890E-03,  1.15538E+00
264,3.76458E-02,  8.25996E+00,  9.07328E-03,  1.15503E+00
265,3.77220E-02,  8.30674E+00,  9.05766E-03,  1.15472E+00
266,3.77982E-02,  8.35666E+00,  9.04176E-03,  1.15442E+00
267,3.78744E-02,  8.40440E+00,  9.02586E-03,  1.15405E+00
268,3.79506E-02,  8.45248E+00,  9.00995E-03,  1.15374E+00
269,3.80268E-02,  8.50376E+00,  8.99377E-03,  1.15342E+00
270,3.81029E-02,  8.55280E+00,  8.97759E-03,  1.15304E+00
271,3.81790E-02,  8.60223E+00,  8.96140E-03,  1.15272E+00
272,3.82551E-02,  8.65492E+00,  8.94494E-03,  1.15239E+00
273,3.83311E-02,  8.70532E+00,  8.92848E-03,  1.15200E+00
274,3.84072E-02,  8.75614E+00,  8.91202E-03,  1.15166E+00
275,3.84832E-02,  8.81030E+00,  8.89528E-03,  1.15132E+00
276,3.85592E-02,  8.86211E+00,  8.87854E-03,  1.15091E+00
277,3.86351E-02,  8.91438E+00,  8.86180E-03,  1.15057E+00
278,3.87111E-02,  8.97006E+00,  8.84478E-03,  1.15021E+00
279,3.87870E-02,  9.02334E+00,  8.82776E-03,  1.14980E+00
280,3.88629E-02,  9.07712E+00,  8.81075E-03,  1.14944E+00
281,3.89387E-02,  9.13438E+00,  8.79346E-03,  1.14907E+00
282,3.90145E-02,  9.18918E+00,  8.77617E-03,  1.14864E+00
283,3.90904E-02,  9.24452E+00,  8.75888E-03,  1.14826E+00
284,3.91661E-02,  9.30343E+00,  8.74131E-03,  1.14788E+00
285,3.92419E-02,  9.35982E+00,  8.72375E-03,  1.14744E+00
286,3.93177E-02,  9.41679E+00,  8.70619E-03,  1.14705E+00
287,3.93933E-02,  9.47741E+00,  8.68835E-03,  1.14666E+00
288,3.94690E-02,  9.53546E+00,  8.67052E-03,  1.14620E+00
289,3.95447E-02,  9.59413E+00,  8.65269E-03,  1.14580E+00
290,3.96203E-02,  9.65653E+00,  8.63458E-03,  1.14539E+00
291,3.96959E-02,  9.71631E+00,  8.61648E-03,  1.14492E+00
292,3.97715E-02,  9.77675E+00,  8.59838E-03,  1.14450E+00
293,3.98471E-02,  9.84103E+00,  8.58001E-03,  1.14408E+00
294,3.99226E-02,  9.90262E+00,  8.56164E-03,  1.14359E+00
295,3.99981E-02,  9.96492E+00,  8.54327E-03,  1.14316E+00
296,4.00736E-02,  1.00312E+01,  8.52464E-03,  1.14272E+00
297,4.01490E-02,  1.00946E+01,  8.50601E-03,  1.14222E+00
298,4.02245E-02,  1.01589E+01,  8.48737E-03,  1.14177E+00
299,4.02999E-02,  1.02272E+01,  8.46848E-03,  1.14132E+00
300,4.03752E-02,  1.02927E+01,  8.44958E-03,  1.14079E+00
301,4.04506E-02,  1.03590E+01,  8.43068E-03,  1.14033E+00
302,4.05259E-02,  1.04295E+01,  8.41153E-03,  1.13986E+00
303,4.06012E-02,  1.04971E+01,  8.39237E-03,  1.13932E+00
304,4.06765E-02,  1.05657E+01,  8.37322E-03,  1.13884E+00
305,4.07517E-02,  1.06385E+01,  8.35380E-03,  1.13836E+00
306,4.08269E-02,  1.07085E+01,  8.33439E-03,  1.13780E+00
307,4.09021E-02,  1.07794E+01,  8.31497E-03,  1.13731E+00
308,4.09773E-02,  1.08548E+01,  8.29530E-03,  1.13680E+00
309,4.10524E-02,  1.09272E+01,  8.27563E-03,  1.13623E+00
310,4.11275E-02,  1.10007E+01,  8.25596E-03,  1.13572E+00
311,4.12026E-02,  1.10787E+01,  8.23604E-03,  1.13520E+00
312,4.12776E-02,  1.11538E+01,  8.21612E-03,  1.13461E+00
313,4.13527E-02,  1.12300E+01,  8.19619E-03,  1.13408E+00
314,4.14277E-02,  1.13109E+01,  8.17602E-03,  1.13354E+00
315,4.15026E-02,  1.13887E+01,  8.15585E-03,  1.13293E+00
316,4.15776E-02,  1.14678E+01,  8.13567E-03,  1.13238E+00
317,4.16525E-02,  1.15517E+01,  8.11525E-03,  1.13182E+00
318,4.17274E-02,  1.16325E+01,  8.09483E-03,  1.13119E+00
319,4.18023E-02,  1.17146E+01,  8.07440E-03,  1.13062E+00
320,4.18771E-02,  1.18016E+01,  8.05374E-03,  1.13004E+00
321,4.19519E-02,  1.18853E+01,  8.03307E-03,  1.12938E+00
322,4.20267E-02,  1.19702E+01,  8.01240E-03,  1.12879E+00
323,4.21014E-02,  1.20598E+01,  7.99149E-03,  1.12819E+00
324,4.21761E-02,  1.21462E+01,  7.97058E-03,  1.12752E+00
325,4.22508E-02,  1.22357E+01,  7.94967E-03,  1.12693E+00
326,4.23255E-02,  1.23276E+01,  7.92851E-03,  1.12634E+00
327,4.24001E-02,  1.24124E+01,  7.90736E-03,  1.12566E+00
328,4.24747E-02,  1.24996E+01,  7.88621E-03,  1.12505E+00
329,4.25493E-02,  1.25922E+01,  7.86482E-03,  1.12442E+00
330,4.26238E-02,  1.26815E+01,  7.84343E-03,  1.12371E+00
331,4.26984E-02,  1.27722E+01,  7.82204E-03,  1.12306E+00
332,4.27728E-02,  1.28685E+01,  7.80042E-03,  1.12241E+00
333,4.28473E-02,  1.29611E+01,  7.77880E-03,  1.12167E+00
334,4.29218E-02,  1.30552E+01,  7.75717E-03,  1.12099E+00
335,4.29962E-02,  1.31547E+01,  7.73532E-03,  1.12031E+00
336,4.30705E-02,  1.32506E+01,  7.71346E-03,  1.11954E+00
337,4.31449E-02,  1.33480E+01,  7.69160E-03,  1.11883E+00
338,4.32192E-02,  1.34508E+01,  7.66952E-03,  1.11812E+00
339,4.32935E-02,  1.35500E+01,  7.64744E-03,  1.11732E+00
340,4.33678E-02,  1.36506E+01,  7.62535E-03,  1.11659E+00
341,4.34420E-02,  1.37569E+01,  7.60304E-03,  1.11584E+00
342,4.35162E-02,  1.38594E+01,  7.58073E-03,  1.11501E+00
343,4.35904E-02,  1.39635E+01,  7.55842E-03,  1.11425E+00
344,4.36645E-02,  1.40733E+01,  7.53589E-03,  1.11348E+00
345,4.37387E-02,  1.41793E+01,  7.51336E-03,  1.11261E+00
346,4.38128E-02,  1.42869E+01,  7.49082E-03,  1.11182E+00
347,4.38868E-02,  1.44005E+01,  7.46807E-03,  1.11102E+00
348,4.39609E-02,  1.45101E+01,  7.44532E-03,  1.11012E+00
349,4.40349E-02,  1.46215E+01,  7.42257E-03,  1.10930E+00
350,4.41088E-02,  1.47389E+01,  7.39961E-03,  1.10846E+00
351,4.41828E-02,  1.48525E+01,  7.37664E-03,  1.10753E+00
352,4.42567E-02,  1.49678E+01,  7.35367E-03,  1.10667E+00
353,4.43306E-02,  1.50892E+01,  7.33050E-03,  1.10580E+00
354,4.44045E-02,  1.52068E+01,  7.30732E-03,  1.10483E+00
355,4.44783E-02,  1.53262E+01,  7.28414E-03,  1.10394E+00
356,4.45521E-02,  1.54520E+01,  7.26076E-03,  1.10303E+00
357,4.46259E-02,  1.55739E+01,  7.23737E-03,  1.10203E+00
358,4.46997E-02,  1.56976E+01,  7.21399E-03,  1.10110E+00
359,4.47734E-02,  1.58279E+01,  7.19040E-03,  1.10016E+00
360,4.48471E-02,  1.59542E+01,  7.16681E-03,  1.09912E+00
361,4.49207E-02,  1.60825E+01,  7.14322E-03,  1.09815E+00
362,4.49943E-02,  1.62175E+01,  7.11943E-03,  1.09717E+00
363,4.50680E-02,  1.63486E+01,  7.09564E-03,  1.09609E+00
364,4.51416E-02,  1.64817E+01,  7.07185E-03,  1.09508E+00
365,4.52151E-02,  1.66216E+01,  7.04787E-03,  1.09406E+00
366,4.52886E-02,  1.67577E+01,  7.02388E-03,  1.09294E+00
367,4.53621E-02,  1.68959E+01,  6.99990E-03,  1.09189E+00
368,4.54355E-02,  1.70410E+01,  6.97572E-03,  1.09082E+00
369,4.55090E-02,  1.71823E+01,  6.95155E-03,  1.08965E+00
370,4.55824E-02,  1.73258E+01,  6.92737E-03,  1.08856E+00
371,4.56558E-02,  1.74765E+01,  6.90301E-03,  1.08745E+00
372,4.57291E-02,  1.76233E+01,  6.87865E-03,  1.08624E+00
373,4.58025E-02,  1.77724E+01,  6.85428E-03,  1.08510E+00
374,4.58757E-02,  1.79288E+01,  6.82974E-03,  1.08394E+00
375,4.59490E-02,  1.80814E+01,  6.80520E-03,  1.08268E+00
376,4.60222E-02,  1.82364E+01,  6.78065E-03,  1.08150E+00
377,4.60954E-02,  1.83988E+01,  6.75593E-03,  1.08029E+00
378,4.61686E-02,  1.85575E+01,  6.73121E-03,  1.07898E+00
379,4.62418E-02,  1.87187E+01,  6.70649E-03,  1.07774E+00
380,4.63149E-02,  1.88876E+01,  6.68159E-03,  1.07648E+00
381,4.63880E-02,  1.90527E+01,  6.65670E-03,  1.07511E+00
382,4.64611E-02,  1.92204E+01,  6.63180E-03,  1.07382E+00
383,4.65341E-02,  1.93960E+01,  6.60674E-03,  1.07251E+00
384,4.66071E-02,  1.95679E+01,  6.58168E-03,  1.07109E+00
385,4.66801E-02,  1.97425E+01,  6.55662E-03,  1.06974E+00
386,4.67530E-02,  1.99251E+01,  6.53140E-03,  1.06837E+00
387,4.68260E-02,  2.01042E+01,  6.50618E-03,  1.06689E+00
388,4.68989E-02,  2.02861E+01,  6.48095E-03,  1.06548E+00
389,4.69717E-02,  2.04761E+01,  6.45558E-03,  1.06405E+00
390,4.70446E-02,  2.06627E+01,  6.43020E-03,  1.06250E+00
391,4.71174E-02,  2.08522E+01,  6.40482E-03,  1.06103E+00
392,4.71902E-02,  2.10501E+01,  6.37929E-03,  1.05954E+00
393,4.72630E-02,  2.12447E+01,  6.35376E-03,  1.05793E+00
394,4.73357E-02,  2.14422E+01,  6.32823E-03,  1.05639E+00
395,4.74084E-02,  2.16483E+01,  6.30256E-03,  1.05483E+00
396,4.74811E-02,  2.18513E+01,  6.27689E-03,  1.05315E+00
397,4.75538E-02,  2.20574E+01,  6.25122E-03,  1.05154E+00
398,4.76264E-02,  2.22722E+01,  6.22541E-03,  1.04991E+00
399,4.76990E-02,  2.24840E+01,  6.19960E-03,  1.04815E+00
400,4.77716E-02,  2.26990E+01,  6.17379E-03,  1.04647E+00
401,4.78441E-02,  2.29230E+01,  6.14785E-03,  1.04476E+00
402,4.79167E-02,  2.31441E+01,  6.12190E-03,  1.04293E+00
403,4.79892E-02,  2.33687E+01,  6.09596E-03,  1.04117E+00
404,4.80617E-02,  2.36023E+01,  6.06990E-03,  1.03938E+00
405,4.81341E-02,  2.38333E+01,  6.04383E-03,  1.03747E+00
406,4.82066E-02,  2.40679E+01,  6.01777E-03,  1.03563E+00
407,4.82789E-02,  2.43118E+01,  5.99158E-03,  1.03375E+00
408,4.83513E-02,  2.45533E+01,  5.96540E-03,  1.03176E+00
409,4.84237E-02,  2.47986E+01,  5.93922E-03,  1.02983E+00
410,4.84960E-02,  2.50533E+01,  5.91293E-03,  1.02786E+00
411,4.85683E-02,  2.53060E+01,  5.88663E-03,  1.02578E+00
412,4.86406E-02,  2.55626E+01,  5.86034E-03,  1.02375E+00
413,4.87128E-02,  2.58287E+01,  5.83395E-03,  1.02169E+00
414,4.87851E-02,  2.60932E+01,  5.80755E-03,  1.01951E+00
415,4.88573E-02,  2.63617E+01,  5.78116E-03,  1.01738E+00
416,4.89295E-02,  2.66398E+01,  5.75467E-03,  1.01522E+00
417,4.90016E-02,  2.69167E+01,  5.72818E-03,  1.01294E+00
418,4.90738E-02,  2.71977E+01,  5.70170E-03,  1.01071E+00
419,4.91459E-02,  2.74885E+01,  5.67512E-03,  1.00845E+00
420,4.92180E-02,  2.77785E+01,  5.64855E-03,  1.00606E+00
421,4.92901E-02,  2.80728E+01,  5.62198E-03,  1.00372E+00
422,4.93621E-02,  2.83769E+01,  5.59533E-03,  1.00134E+00
423,4.94341E-02,  2.86807E+01,  5.56868E-03,  9.98841E-01
424,4.95062E-02,  2.89891E+01,  5.54203E-03,  9.96379E-01
425,4.95781E-02,  2.93071E+01,  5.51531E-03,  9.93877E-01
426,4.96501E-02,  2.96256E+01,  5.48860E-03,  9.91263E-01
427,4.97221E-02,  2.99488E+01,  5.46188E-03,  9.88675E-01
428,4.97940E-02,  3.02816E+01,  5.43511E-03,  9.86045E-01
429,4.98659E-02,  3.06155E+01,  5.40833E-03,  9.83305E-01
430,4.99378E-02,  3.09544E+01,  5.38156E-03,  9.80583E-01
431,5.00096E-02,  3.13027E+01,  5.35474E-03,  9.77816E-01
432,5.00815E-02,  3.16530E+01,  5.32792E-03,  9.74943E-01
433,5.01533E-02,  3.20084E+01,  5.30110E-03,  9.72078E-01
434,5.02251E-02,  3.23731E+01,  5.27424E-03,  9.69165E-01
435,5.02969E-02,  3.27405E+01,  5.24738E-03,  9.66152E-01
436,5.03687E-02,  3.31134E+01,  5.22053E-03,  9.63134E-01
437,5.04404E-02,  3.34953E+01,  5.19365E-03,  9.60066E-01
438,5.05121E-02,  3.38809E+01,  5.16676E-03,  9.56905E-01
439,5.05838E-02,  3.42722E+01,  5.13988E-03,  9.53723E-01
440,5.06555E-02,  3.46721E+01,  5.11298E-03,  9.50491E-01
441,5.07272E-02,  3.50769E+01,  5.08609E-03,  9.47171E-01
442,5.07989E-02,  3.54876E+01,  5.05919E-03,  9.43816E-01
443,5.08705E-02,  3.59065E+01,  5.03230E-03,  9.40408E-01
444,5.09421E-02,  3.63315E+01,  5.00540E-03,  9.36921E-01
445,5.10138E-02,  3.67627E+01,  4.97850E-03,  9.33381E-01
446,5.10854E-02,  3.72013E+01,  4.95162E-03,  9.29784E-01
447,5.11569E-02,  3.76476E+01,  4.92473E-03,  9.26120E-01
448,5.12285E-02,  3.81004E+01,  4.89785E-03,  9.22383E-01
449,5.13001E-02,  3.85598E+01,  4.87099E-03,  9.18586E-01
450,5.13716E-02,  3.90286E+01,  4.84413E-03,  9.14734E-01
451,5.14432E-02,  3.95041E+01,  4.81727E-03,  9.10786E-01
452,5.15147E-02,  3.99852E+01,  4.79045E-03,  9.06775E-01
453,5.15862E-02,  4.04776E+01,  4.76363E-03,  9.02724E-01
454,5.16577E-02,  4.09770E+01,  4.73681E-03,  8.98550E-01
455,5.17292E-02,  4.14809E+01,  4.71004E-03,  8.94311E-01
456,5.18006E-02,  4.19982E+01,  4.68328E-03,  8.90050E-01
457,5.18721E-02,  4.25230E+01,  4.65651E-03,  8.85635E-01
458,5.19435E-02,  4.30509E+01,  4.62982E-03,  8.81152E-01
459,5.20150E-02,  4.35947E+01,  4.60313E-03,  8.76668E-01
460,5.20864E-02,  4.41466E+01,  4.57643E-03,  8.71997E-01
461,5.21578E-02,  4.47005E+01,  4.54983E-03,  8.67255E-01
462,5.22292E-02,  4.52737E+01,  4.52322E-03,  8.62539E-01
463,5.23007E-02,  4.58561E+01,  4.49662E-03,  8.57601E-01
464,5.23720E-02,  4.64394E+01,  4.47012E-03,  8.52592E-01
465,5.24434E-02,  4.70462E+01,  4.44362E-03,  8.47638E-01
466,5.25148E-02,  4.76645E+01,  4.41711E-03,  8.42424E-01
467,5.25862E-02,  4.82849E+01,  4.39074E-03,  8.37138E-01
468,5.26576E-02,  4.89334E+01,  4.36436E-03,  8.31938E-01
469,5.27289E-02,  4.95910E+01,  4.33799E-03,  8.26322E-01
470,5.28003E-02,  5.02659E+01,  4.31175E-03,  8.20553E-01
471,5.28717E-02,  5.09813E+01,  4.28552E-03,  8.15002E-01
472,5.29430E-02,  5.16950E+01,  4.25929E-03,  8.09138E-01
473,5.30144E-02,  5.23981E+01,  4.23322E-03,  8.03201E-01
474,5.30857E-02,  5.31352E+01,  4.20716E-03,  7.97438E-01
475,5.31571E-02,  5.38836E+01,  4.18109E-03,  7.91239E-01
476,5.32284E-02,  5.46184E+01,  4.15521E-03,  7.84944E-01
477,5.32998E-02,  5.53933E+01,  4.12933E-03,  7.78872E-01
478,5.33711E-02,  5.61806E+01,  4.10345E-03,  7.72287E-01
479,5.34425E-02,  5.69488E+01,  4.07778E-03,  7.65600E-01
480,5.35138E-02,  5.77630E+01,  4.05211E-03,  7.59196E-01
481,5.35852E-02,  5.85908E+01,  4.02644E-03,  7.52198E-01
482,5.36565E-02,  5.93924E+01,  4.00100E-03,  7.45092E-01
483,5.37279E-02,  6.02470E+01,  3.97557E-03,  7.38343E-01
484,5.37992E-02,  6.11165E+01,  3.95014E-03,  7.30908E-01
485,5.38706E-02,  6.19518E+01,  3.92496E-03,  7.23359E-01
486,5.39420E-02,  6.28480E+01,  3.89979E-03,  7.16250E-01
487,5.40133E-02,  6.37608E+01,  3.87462E-03,  7.08354E-01
488,5.40847E-02,  6.46300E+01,  3.84973E-03,  7.00336E-01
489,5.41561E-02,  6.55689E+01,  3.82485E-03,  6.92853E-01
490,5.42275E-02,  6.65267E+01,  3.79996E-03,  6.84472E-01
491,5.42989E-02,  6.74298E+01,  3.77539E-03,  6.75959E-01
492,5.43703E-02,  6.84126E+01,  3.75083E-03,  6.68089E-01
493,5.44417E-02,  6.94170E+01,  3.72626E-03,  6.59196E-01
494,5.45131E-02,  7.03533E+01,  3.70204E-03,  6.50162E-01
495,5.45846E-02,  7.13808E+01,  3.67783E-03,  6.41890E-01
496,5.46560E-02,  7.24331E+01,  3.65361E-03,  6.32460E-01
497,5.47275E-02,  7.34017E+01,  3.62977E-03,  6.22879E-01
498,5.47989E-02,  7.44743E+01,  3.60594E-03,  6.14193E-01
499,5.48704E-02,  7.55755E+01,  3.58210E-03,  6.04200E-01
500,5.49419E-02,  7.65744E+01,  3.55868E-03,  5.94045E-01
501,5.50134E-02,  7.76919E+01,  3.53526E-03,  5.84933E-01
502,5.50849E-02,  7.88425E+01,  3.51184E-03,  5.74353E-01
503,5.51565E-02,  7.98692E+01,  3.48887E-03,  5.63600E-01
504,5.52280E-02,  8.10305E+01,  3.46590E-03,  5.54052E-01
505,5.52996E-02,  8.22304E+01,  3.44294E-03,  5.42863E-01
506,5.53712E-02,  8.32813E+01,  3.42046E-03,  5.31488E-01
507,5.54428E-02,  8.44844E+01,  3.39798E-03,  5.21495E-01
508,5.55144E-02,  8.57328E+01,  3.37551E-03,  5.09676E-01
509,5.55860E-02,  8.68028E+01,  3.35356E-03,  4.97662E-01
510,5.56577E-02,  8.80449E+01,  3.33162E-03,  4.87218E-01
511,5.57293E-02,  8.93399E+01,  3.30967E-03,  4.74754E-01
512,5.58010E-02,  9.04227E+01,  3.28830E-03,  4.62086E-01
513,5.58728E-02,  9.16993E+01,  3.26693E-03,  4.51188E-01
514,5.59445E-02,  9.30381E+01,  3.24556E-03,  4.38068E-01
515,5.60162E-02,  9.41256E+01,  3.22481E-03,  4.24737E-01
516,5.60880E-02,  9.54307E+01,  3.20405E-03,  4.13390E-01
517,5.61598E-02,  9.68091E+01,  3.18330E-03,  3.99606E-01
518,5.62316E-02,  9.78915E+01,  3.16321E-03,  3.85611E-01
519,5.63035E-02,  9.92173E+01,  3.14313E-03,  3.73824E-01
520,5.63753E-02,  1.00629E+02,  3.12304E-03,  3.59379E-01
521,5.64472E-02,  1.01695E+02,  3.10367E-03,  3.44727E-01
522,5.65191E-02,  1.03031E+02,  3.08429E-03,  3.32517E-01
523,5.65910E-02,  1.04470E+02,  3.06492E-03,  3.17423E-01
524,5.66630E-02,  1.05504E+02,  3.04631E-03,  3.02131E-01
525,5.67350E-02,  1.06839E+02,  3.02770E-03,  2.89527E-01
526,5.68070E-02,  1.08293E+02,  3.00910E-03,  2.73802E-01
527,5.68790E-02,  1.09279E+02,  2.99131E-03,  2.57901E-01
528,5.69511E-02,  1.10598E+02,  2.97352E-03,  2.44942E-01
529,5.70231E-02,  1.12057E+02,  2.95573E-03,  2.28621E-01
530,5.70952E-02,  1.12976E+02,  2.93881E-03,  2.12154E-01
531,5.71673E-02,  1.14260E+02,  2.92189E-03,  1.98892E-01
532,5.72395E-02,  1.15710E+02,  2.90497E-03,  1.82022E-01
533,5.73116E-02,  1.16541E+02,  2.88898E-03,  1.65048E-01
534,5.73838E-02,  1.17770E+02,  2.87299E-03,  1.51552E-01
535,5.74560E-02,  1.19193E+02,  2.85700E-03,  1.34195E-01
536,5.75283E-02,  1.19912E+02,  2.84200E-03,  1.16791E-01
537,5.76005E-02,  1.21061E+02,  2.82700E-03,  1.03143E-01
538,5.76728E-02,  1.22438E+02,  2.81199E-03,  8.53811E-02
539,5.77451E-02,  1.23020E+02,  2.79804E-03,  6.76394E-02
540,5.78174E-02,  1.24062E+02,  2.78408E-03,  5.39410E-02
541,5.78897E-02,  1.25371E+02,  2.77012E-03,  3.58733E-02
542,5.79620E-02,  1.25790E+02,  2.75726E-03,  1.79072E-02
543,5.80344E-02,  1.26696E+02,  2.74440E-03,  4.27499E-03
544,5.81068E-02,  1.27913E+02,  2.73155E-03, -1.39790E-02
545,5.81791E-02,  1.28142E+02,  2.71985E-03, -3.20378E-02
546,5.82515E-02,  1.28880E+02,  2.70816E-03, -4.54718E-02
547,5.83239E-02,  1.29980E+02,  2.69646E-03, -6.37728E-02
548,5.83964E-02,  1.29993E+02,  2.68599E-03, -8.17739E-02
549,5.84688E-02,  1.30529E+02,  2.67551E-03, -9.48645E-02
550,5.85412E-02,  1.31485E+02,  2.66504E-03, -1.13054E-01
551,5.86137E-02,  1.31259E+02,  2.65584E-03, -1.30831E-01
552,5.86861E-02,  1.31561E+02,  2.64665E-03, -1.43423E-01
553,5.87585E-02,  1.32347E+02,  2.63745E-03, -1.61327E-01
554,5.88310E-02,  1.31863E+02,  2.62959E-03, -1.78697E-01
555,5.89034E-02,  1.31899E+02,  2.62172E-03, -1.90630E-01
556,5.89758E-02,  1.32490E+02,  2.61386E-03, -2.08060E-01
557,5.90483E-02,  1.31733E+02,  2.60738E-03, -2.24834E-01
558,5.91207E-02,  1.31477E+02,  2.60090E-03, -2.35948E-01
559,5.91931E-02,  1.31851E+02,  2.59443E-03, -2.52708E-01
560,5.92655E-02,  1.30812E+02,  2.58939E-03, -2.68691E-01
561,5.93378E-02,  1.30244E+02,  2.58434E-03, -2.78832E-01
562,5.94102E-02,  1.30382E+02,  2.57930E-03, -2.94725E-01
563,5.94825E-02,  1.29062E+02,  2.57574E-03, -3.09726E-01
564,5.95548E-02,  1.28173E+02,  2.57219E-03, -3.18754E-01
565,5.96271E-02,  1.28061E+02,  2.56863E-03, -3.33590E-01
566,5.96993E-02,  1.26466E+02,  2.56659E-03, -3.47431E-01
567,5.97715E-02,  1.25258E+02,  2.56456E-03, -3.55224E-01
568,5.98437E-02,  1.24889E+02,  2.56252E-03, -3.68830E-01
569,5.99158E-02,  1.23034E+02,  2.56205E-03, -3.81350E-01
570,5.99879E-02,  1.21516E+02,  2.56158E-03, -3.87807E-01
571,6.00600E-02,  1.20883E+02,  2.56111E-03, -3.99996E-01
572,6.01319E-02,  1.18790E+02,  2.56222E-03, -4.10933E-01
573,6.02039E-02,  1.17005E+02,  2.56334E-03, -4.15792E-01
574,6.02758E-02,  1.16145E+02,  2.56446E-03, -4.26258E-01
575,6.03475E-02,  1.13877E+02,  2.56720E-03, -4.35448E-01
576,6.04193E-02,  1.11877E+02,  2.56993E-03, -4.38712E-01
577,6.04911E-02,  1.10795E+02,  2.57267E-03, -4.47441E-01
578,6.05626E-02,  1.08363E+02,  2.57704E-03, -4.54888E-01
579,6.06341E-02,  1.06167E+02,  2.58141E-03, -4.56595E-01
580,6.07057E-02,  1.04859E+02,  2.58578E-03, -4.63575E-01
581,6.07770E-02,  1.02282E+02,  2.59180E-03, -4.69276E-01
582,6.08483E-02,  9.99196E+01,  2.59782E-03, -4.69477E-01
583,6.09196E-02,  9.83983E+01,  2.60384E-03, -4.74714E-01
584,6.09906E-02,  9.57082E+01,  2.61151E-03, -4.78698E-01
585,6.10616E-02,  9.32153E+01,  2.61918E-03, -4.77466E-01
586,6.11326E-02,  9.15039E+01,  2.62685E-03, -4.81002E-01
587,6.12033E-02,  8.87387E+01,  2.63617E-03, -4.83332E-01
588,6.12741E-02,  8.61569E+01,  2.64549E-03, -4.80770E-01
589,6.13448E-02,  8.42884E+01,  2.65481E-03, -4.82684E-01
590,6.14151E-02,  8.14912E+01,  2.66577E-03, -4.83462E-01
591,6.14855E-02,  7.88642E+01,  2.67674E-03, -4.79697E-01
592,6.15559E-02,  7.68790E+01,  2.68770E-03, -4.80104E-01
593,6.16259E-02,  7.40946E+01,  2.70030E-03, -4.79466E-01
594,6.16959E-02,  7.14677E+01,  2.71290E-03, -4.74649E-01
595,6.17659E-02,  6.94112E+01,  2.72549E-03, -4.73695E-01
596,6.18355E-02,  6.66846E+01,  2.73971E-03, -4.71805E-01
597,6.19052E-02,  6.41035E+01,  2.75392E-03, -4.66106E-01
598,6.19748E-02,  6.20248E+01,  2.76813E-03, -4.63960E-01
599,6.20440E-02,  5.94007E+01,  2.78394E-03, -4.61003E-01
600,6.21132E-02,  5.69122E+01,  2.79975E-03, -4.54605E-01
601,6.21824E-02,  5.48641E+01,  2.81556E-03, -4.51452E-01
602,6.22511E-02,  5.23891E+01,  2.83294E-03, -4.47620E-01
603,6.23199E-02,  5.00446E+01,  2.85032E-03, -4.40714E-01
604,6.23886E-02,  4.80888E+01,  2.86770E-03, -4.36742E-01
605,6.24569E-02,  4.58205E+01,  2.88662E-03, -4.32233E-01
606,6.25252E-02,  4.36875E+01,  2.90554E-03, -4.25013E-01
607,6.25934E-02,  4.19082E+01,  2.92447E-03, -4.20437E-01
608,6.26612E-02,  3.99204E+01,  2.94491E-03, -4.15493E-01
609,6.27290E-02,  3.80666E+01,  2.96535E-03, -4.08296E-01
610,6.27968E-02,  3.64879E+01,  2.98579E-03, -4.03585E-01
611,6.28641E-02,  3.46944E+01,  3.00772E-03, -3.98978E-01
612,6.29314E-02,  3.28081E+01,  3.02965E-03, -3.92870E-01
613,6.29986E-02,  3.09247E+01,  3.05158E-03, -3.88882E-01
614,6.30654E-02,  2.87175E+01,  3.07496E-03, -3.82828E-01
615,6.31321E-02,  2.64369E+01,  3.09835E-03, -3.74429E-01
616,6.31989E-02,  2.43651E+01,  3.12174E-03, -3.67644E-01
617,6.32650E-02,  2.22549E+01,  3.14656E-03, -3.60707E-01
618,6.33312E-02,  2.02493E+01,  3.17137E-03, -3.52608E-01
619,6.33974E-02,  1.84588E+01,  3.19619E-03, -3.45779E-01
620,6.34631E-02,  1.66484E+01,  3.22239E-03, -3.38978E-01
621,6.35287E-02,  1.49239E+01,  3.24860E-03, -3.31344E-01
622,6.35943E-02,  1.33743E+01,  3.27481E-03, -3.24754E-01
623,6.36594E-02,  1.18214E+01,  3.30238E-03, -3.18192E-01
624,6.37244E-02,  1.03384E+01,  3.32994E-03, -3.11134E-01
625,6.37895E-02,  8.99568E+00,  3.35751E-03, -3.04851E-01
626,6.38539E-02,  7.66786E+00,  3.38640E-03, -2.98629E-01
627,6.39184E-02,  6.40154E+00,  3.41530E-03, -2.92165E-01
628,6.39828E-02,  5.24451E+00,  3.44419E-03, -2.86249E-01
629,6.40467E-02,  4.11973E+00,  3.47438E-03, -2.80419E-01
630,6.41105E-02,  3.05207E+00,  3.50457E-03, -2.74558E-01
631,6.41744E-02,  2.06527E+00,  3.53477E-03, -2.69044E-01
632,6.42376E-02,  1.12513E+00,  3.56622E-03, -2.63636E-01
633,6.43008E-02,  2.39821E-01,  3.59768E-03, -2.58371E-01
634,6.43641E-02, -5.90816E-01,  3.62914E-03, -2.53277E-01
635,6.44267E-02, -1.36387E+00,  3.66184E-03, -2.48307E-01
636,6.44893E-02, -2.08318E+00,  3.69453E-03, -2.43616E-01
637,6.45519E-02, -2.77121E+00,  3.72723E-03, -2.38949E-01
638,6.46138E-02, -3.39407E+00,  3.76114E-03, -2.34415E-01
639,6.46758E-02, -3.96379E+00,  3.79505E-03, -2.30271E-01
640,6.47377E-02, -4.52295E+00,  3.82896E-03, -2.26026E-01
641,6.47990E-02, -5.01254E+00,  3.86406E-03, -2.21920E-01
642,6.48603E-02, -5.44958E+00,  3.89916E-03, -2.18287E-01
643,6.49216E-02, -5.89395E+00,  3.93426E-03, -2.14450E-01
644,6.49822E-02, -6.26722E+00,  3.97052E-03, -2.10752E-01
645,6.50428E-02, -6.58872E+00,  4.00679E-03, -2.07589E-01
646,6.51034E-02, -6.93258E+00,  4.04305E-03, -2.04140E-01
647,6.51633E-02, -7.20598E+00,  4.08046E-03, -2.00826E-01
648,6.52233E-02, -7.42864E+00,  4.11786E-03, -1.98090E-01
649,6.52832E-02, -7.68578E+00,  4.15527E-03, -1.95005E-01
650,6.53424E-02, -7.87471E+00,  4.19379E-03, -1.92047E-01
651,6.54016E-02, -8.01418E+00,  4.23232E-03, -1.89692E-01
652,6.54608E-02, -8.19763E+00,  4.27084E-03, -1.86944E-01
653,6.55193E-02, -8.31631E+00,  4.31047E-03, -1.84312E-01
654,6.55778E-02, -8.38705E+00,  4.35009E-03, -1.82293E-01
655,6.56363E-02, -8.50882E+00,  4.38971E-03, -1.79853E-01
656,6.56941E-02, -8.56996E+00,  4.43042E-03, -1.77516E-01
657,6.57518E-02, -8.58479E+00,  4.47112E-03, -1.75792E-01
658,6.58096E-02, -8.65546E+00,  4.51182E-03, -1.73631E-01
659,6.58666E-02, -8.67002E+00,  4.55359E-03, -1.71560E-01
660,6.59236E-02, -8.63997E+00,  4.59535E-03, -1.70091E-01
661,6.59806E-02, -8.66872E+00,  4.63711E-03, -1.68181E-01
662,6.60369E-02, -8.64601E+00,  4.67992E-03, -1.66348E-01
663,6.60931E-02, -8.58051E+00,  4.72272E-03, -1.65100E-01
664,6.61493E-02, -8.57526E+00,  4.76553E-03, -1.63414E-01
665,6.62048E-02, -8.52323E+00,  4.80935E-03, -1.61793E-01
666,6.62603E-02, -8.43038E+00,  4.85318E-03, -1.60734E-01
667,6.63157E-02, -8.39805E+00,  4.89700E-03, -1.59250E-01
668,6.63704E-02, -8.32360E+00,  4.94183E-03, -1.57819E-01
669,6.64250E-02, -8.21049E+00,  4.98666E-03, -1.56922E-01
670,6.64797E-02, -8.15738E+00,  5.03149E-03, -1.55619E-01
671,6.65336E-02, -8.06678E+00,  5.07731E-03, -1.54358E-01
672,6.65874E-02, -7.93989E+00,  5.12313E-03, -1.53602E-01
673,6.66412E-02, -7.87198E+00,  5.16894E-03, -1.52459E-01
674,6.66943E-02, -7.77114E+00,  5.21573E-03, -1.51350E-01
675,6.67473E-02, -7.63658E+00,  5.26251E-03, -1.50715E-01
676,6.68003E-02, -7.55966E+00,  5.30930E-03, -1.49715E-01
677,6.68525E-02, -7.45416E+00,  5.35703E-03, -1.48741E-01
678,6.69046E-02, -7.31757E+00,  5.40477E-03, -1.48209E-01
679,6.69568E-02, -7.23704E+00,  5.45250E-03, -1.47334E-01
680,6.70081E-02, -7.13194E+00,  5.50117E-03, -1.46478E-01
681,6.70594E-02, -6.99825E+00,  5.54984E-03, -1.46033E-01
682,6.71108E-02, -6.91880E+00,  5.59851E-03, -1.45267E-01
683,6.71612E-02, -6.81826E+00,  5.64810E-03, -1.44512E-01
684,6.72116E-02, -6.69129E+00,  5.69768E-03, -1.44137E-01
685,6.72621E-02, -6.61653E+00,  5.74726E-03, -1.43462E-01
686,6.73116E-02, -6.52352E+00,  5.79775E-03, -1.42793E-01
687,6.73612E-02, -6.40577E+00,  5.84823E-03, -1.42475E-01
688,6.74107E-02, -6.33796E+00,  5.89871E-03, -1.41874E-01
689,6.74593E-02, -6.25407E+00,  5.95008E-03, -1.41274E-01
690,6.75080E-02, -6.14658E+00,  6.00144E-03, -1.40998E-01
691,6.75566E-02, -6.08658E+00,  6.05280E-03, -1.40456E-01
692,6.76043E-02, -6.01200E+00,  6.10503E-03, -1.39911E-01
693,6.76521E-02, -5.91446E+00,  6.15726E-03, -1.39665E-01
694,6.76998E-02, -5.86182E+00,  6.20949E-03, -1.39169E-01
695,6.77466E-02, -5.79553E+00,  6.26256E-03, -1.38665E-01
696,6.77934E-02, -5.70650E+00,  6.31563E-03, -1.38440E-01
697,6.78401E-02, -5.65968E+00,  6.36870E-03, -1.37977E-01
698,6.78860E-02, -5.59974E+00,  6.42261E-03, -1.37505E-01
699,6.79318E-02, -5.51697E+00,  6.47651E-03, -1.37292E-01
700,6.79777E-02, -5.47374E+00,  6.53041E-03, -1.36854E-01
701,6.80225E-02, -5.41763E+00,  6.58512E-03, -1.36405E-01
702,6.80674E-02, -5.33844E+00,  6.63983E-03, -1.36199E-01
703,6.81123E-02, -5.29619E+00,  6.69454E-03, -1.35780E-01
704,6.81562E-02, -5.24116E+00,  6.75004E-03, -1.35348E-01
705,6.82001E-02, -5.16279E+00,  6.80554E-03, -1.35145E-01
706,6.82440E-02, -5.11883E+00,  6.86105E-03, -1.34741E-01
707,6.82869E-02, -5.06221E+00,  6.91732E-03, -1.34323E-01
708,6.83298E-02, -4.98207E+00,  6.97360E-03, -1.34121E-01
709,6.83727E-02, -4.93393E+00,  7.02988E-03, -1.33730E-01
710,6.84146E-02, -4.87331E+00,  7.08691E-03, -1.33325E-01
711,6.84565E-02, -4.78920E+00,  7.14394E-03, -1.33124E-01
712,6.84984E-02, -4.73477E+00,  7.20097E-03, -1.32745E-01
713,6.85393E-02, -4.66815E+00,  7.25874E-03, -1.32354E-01
714,6.85802E-02, -4.57831E+00,  7.31651E-03, -1.32153E-01
715,6.86211E-02, -4.51590E+00,  7.37427E-03, -1.31788E-01
716,6.86609E-02, -4.44174E+00,  7.43276E-03, -1.31412E-01
717,6.87008E-02, -4.34487E+00,  7.49125E-03, -1.31214E-01
718,6.87407E-02, -4.27323E+00,  7.54973E-03, -1.30864E-01
719,6.87795E-02, -4.19036E+00,  7.60892E-03, -1.30506E-01
720,6.88183E-02, -4.08555E+00,  7.66810E-03, -1.30313E-01
721,6.88572E-02, -4.00370E+00,  7.72728E-03, -1.29982E-01
722,6.88949E-02, -3.91127E+00,  7.78715E-03, -1.29644E-01
723,6.89327E-02, -3.79790E+00,  7.84701E-03, -1.29460E-01
724,6.89705E-02, -3.70524E+00,  7.90688E-03, -1.29152E-01
725,6.90072E-02, -3.60281E+00,  7.96740E-03, -1.28841E-01
726,6.90439E-02, -3.48081E+00,  8.02792E-03, -1.28672E-01
727,6.90806E-02, -3.37738E+00,  8.08845E-03, -1.28393E-01
728,6.91163E-02, -3.26526E+00,  8.14961E-03, -1.28116E-01
729,6.91519E-02, -3.13542E+00,  8.21078E-03, -1.27969E-01
730,6.91875E-02, -3.02215E+00,  8.27194E-03, -1.27727E-01
731,6.92221E-02, -2.90152E+00,  8.33373E-03, -1.27491E-01
732,6.92567E-02, -2.76540E+00,  8.39551E-03, -1.27371E-01
733,6.92912E-02, -2.64403E+00,  8.45730E-03, -1.27172E-01
734,6.93247E-02, -2.51688E+00,  8.51968E-03, -1.26981E-01
735,6.93581E-02, -2.37684E+00,  8.58207E-03, -1.26895E-01
736,6.93916E-02, -2.24991E+00,  8.64446E-03, -1.26744E-01
737,6.94240E-02, -2.11899E+00,  8.70742E-03, -1.26605E-01
738,6.94563E-02, -1.97810E+00,  8.77039E-03, -1.26556E-01
739,6.94887E-02, -1.84893E+00,  8.83336E-03, -1.26458E-01
740,6.95199E-02, -1.71776E+00,  8.89689E-03, -1.26374E-01
741,6.95512E-02, -1.57981E+00,  8.96042E-03, -1.26367E-01
742,6.95824E-02, -1.45248E+00,  9.02394E-03, -1.26325E-01
743,6.96126E-02, -1.32530E+00,  9.08801E-03, -1.26299E-01
744,6.96427E-02, -1.19472E+00,  9.15208E-03, -1.26337E-01
745,6.96728E-02, -1.07403E+00,  9.21615E-03, -1.26351E-01
746,6.97018E-02, -9.55785E-01,  9.28074E-03, -1.26382E-01
747,6.97308E-02, -8.37635E-01,  9.34533E-03, -1.26464E-01
748,6.97598E-02, -7.29064E-01,  9.40992E-03, -1.26533E-01
749,6.97876E-02, -6.25252E-01,  9.47501E-03, -1.26616E-01
750,6.98155E-02, -5.24728E-01,  9.54010E-03, -1.26733E-01
751,6.98433E-02, -4.33233E-01,  9.60520E-03, -1.26839E-01
752,6.98700E-02, -3.47447E-01,  9.67077E-03, -1.26951E-01
753,6.98967E-02, -2.65847E-01,  9.73634E-03, -1.27078E-01
754,6.99234E-02, -1.90678E-01,  9.80191E-03, -1.27206E-01
755,6.99489E-02, -1.20862E-01,  9.86794E-03, -1.27368E-01
756,6.99745E-02, -5.91701E-02,  9.93397E-03, -1.27616E-01
757,7.00000E-02, -7.58109E-02,  1.00000E-02, -1.28012E-01
758,7.02466E-02, -2.06942E-01,  1.00000E-02, -1.28305E-01
759,7.04994E-02, -3.96294E-01,  1.00000E-02, -1.28598E-01
760,7.07586E-02, -6.08185E-01,  1.00000E-02, -1.28789E-01
761,7.10244E-02, -8.24884E-01,  1.00000E-02, -1.28899E-01
762,7.12969E-02, -1.03538E+00,  1.00000E-02, -1.28957E-01
763,7.15764E-02, -1.23589E+00,  1.00000E-02, -1.28980E-01
764,7.18629E-02, -1.42625E+00,  1.00000E-02, -1.28978E-01
765,7.21567E-02, -1.60786E+00,  1.00000E-02, -1.28954E-01
766,7.24580E-02, -1.78258E+00,  1.00000E-02, -1.28910E-01
767,7.27669E-02, -1.95219E+00,  1.00000E-02, -1.28844E-01
768,7.30837E-02, -2.11816E+00,  1.00000E-02, -1.28754E-01
769,7.34084E-02, -2.28163E+00,  1.00000E-02, -1.28638E-01
770,7.37415E-02, -2.44349E+00,  1.00000E-02, -1.28494E-01
771,7.40829E-02, -2.60442E+00,  1.00000E-02, -1.28318E-01
772,7.44331E-02, -2.76498E+00,  1.00000E-02, -1.28109E-01
773,7.47921E-02, -2.92567E+00,  1.00000E-02, -1.27863E-01
774,7.51602E-02, -3.08698E+00,  1.00000E-02, -1.27580E-01
775,7.55377E-02, -3.24941E+00,  1.00000E-02, -1.27257E-01
776,7.59247E-02, -3.41362E+00,  1.00000E-02, -1.26891E-01
777,7.63216E-02, -3.58041E+00,  1.00000E-02, -1.26480E-01
778,7.67285E-02, -3.75091E+00,  1.00000E-02, -1.26024E-01
779,7.71458E-02, -3.92667E+00,  1.00000E-02, -1.25519E-01
780,7.75736E-02, -4.10986E+00,  1.00000E-02, -1.24966E-01
781,7.80123E-02, -4.30349E+00,  1.00000E-02, -1.24361E-01
782,7.84621E-02, -4.51164E+00,  1.00000E-02, -1.23704E-01
783,7.89234E-02, -4.73977E+00,  1.00000E-02, -1.22991E-01
784,7.93963E-02, -4.99490E+00,  1.00000E-02, -1.22217E-01
785,7.98812E-02, -5.28576E+00,  1.00000E-02, -1.21373E-01
786,8.03785E-02, -5.62263E+00,  1.00000E-02, -1.20442E-01
787,8.08883E-02, -6.01689E+00,  1.00000E-02, -1.19396E-01
788,8.14111E-02, -6.47978E+00,  1.00000E-02, -1.18192E-01
789,8.19472E-02, -7.02053E+00,  1.00000E-02, -1.16760E-01
790,8.24968E-02, -7.64330E+00,  1.00000E-02, -1.15003E-01
791,8.30604E-02, -8.34359E+00,  1.00000E-02, -1.12782E-01
792,8.36383E-02, -9.10429E+00,  1.00000E-02, -1.09918E-01
793,8.42308E-02, -9.89301E+00,  1.00000E-02, -1.06201E-01
794,8.48384E-02, -1.06618E+01,  1.00000E-02, -1.01402E-01
795,8.54614E-02, -1.13508E+01,  1.00000E-02, -9.53101E-02
796,8.61002E-02, -1.18941E+01,  1.00000E-02, -8.77776E-02
797,8.67553E-02, -1.22299E+01,  1.00000E-02, -7.87322E-02
798,8.74269E-02, -1.23082E+01,  1.00000E-02, -6.82727E-02
799,8.81156E-02, -1.20903E+01,  1.00000E-02, -5.66293E-02
800,8.88217E-02, -1.15527E+01,  1.00000E-02, -4.41432E-02
801,8.95458E-02, -1.06982E+01,  1.00000E-02, -3.12522E-02
802,9.02882E-02, -9.55616E+00,  1.00000E-02, -1.84586E-02
803,9.10495E-02, -8.17501E+00,  1.00000E-02, -6.24609E-03
804,9.18300E-02, -6.61665E+00,  1.00000E-02,  4.94096E-03
805,9.26304E-02, -4.94983E+00,  1.00000E-02,  1.47615E-02
806,9.34511E-02, -3.24294E+00,  1.00000E-02,  2.30057E-02
807,9.42926E-02, -1.55797E+00,  1.00000E-02,  2.95544E-02
808,9.51555E-02,  3.37471E-02,  1.00000E-02,  3.44617E-02
809,9.60402E-02,  1.45162E+00,  1.00000E-02,  3.76802E-02
810,9.69474E-02,  2.65395E+00,  1.00000E-02,  3.93958E-02
811,9.78776E-02,  3.64023E+00,  1.00000E-02,  3.99614E-02
812,9.88314E-02,  4.42067E+00,  1.00000E-02,  3.96444E-02
813,9.98094E-02,  5.01129E+00,  1.00000E-02,  3.87252E-02
814,1.00812E-01,  5.43337E+00,  1.00000E-02,  3.74218E-02
815,1.01840E-01,  5.71210E+00,  1.00000E-02,  3.59252E-02
816,1.02895E-01,  5.87420E+00,  1.00000E-02,  3.43656E-02
817,1.03976E-01,  5.94636E+00,  1.00000E-02,  3.28437E-02
818,1.05084E-01,  5.95309E+00,  1.00000E-02,  3.14070E-02
819,1.06221E-01,  5.91518E+00,  1.00000E-02,  3.00979E-02
820,1.07387E-01,  5.85035E+00,  1.00000E-02,  2.89335E-02
821,1.08582E-01,  5.77344E+00,  1.00000E-02,  2.78883E-02
822,1.09807E-01,  5.69544E+00,  1.00000E-02,  2.69388E-02
823,1.11063E-01,  5.62375E+00,  1.00000E-02,  2.60506E-02
824,1.12352E-01,  5.56307E+00,  1.00000E-02,  2.51940E-02
825,1.13673E-01,  5.51591E+00,  1.00000E-02,  2.43385E-02
826,1.15027E-01,  5.48318E+00,  1.00000E-02,  2.34583E-02
827,1.16416E-01,  5.46452E+00,  1.00000E-02,  2.25306E-02
828,1.17840E-01,  5.45892E+00,  1.00000E-02,  2.15368E-02
829,1.19301E-01,  5.46482E+00,  1.00000E-02,  2.04626E-02
830,1.20798E-01,  5.48002E+00,  1.00000E-02,  1.92979E-02
831,1.22333E-01,  5.50205E+00,  1.00000E-02,  1.80371E-02
832,1.23907E-01,  5.52868E+00,  1.00000E-02,  1.66745E-02
833,1.25522E-01,  5.55791E+00,  1.00000E-02,  1.52098E-02
834,1.27177E-01,  5.58805E+00,  1.00000E-02,  1.36409E-02
835,1.28874E-01,  5.61775E+00,  1.00000E-02,  1.19724E-02
836,1.30614E-01,  5.64597E+00,  1.00000E-02,  1.02034E-02
837,1.32398E-01,  5.67201E+00,  1.00000E-02,  8.34177E-03
838,1.34228E-01,  5.69529E+00,  1.00000E-02,  6.38593E-03
839,1.36104E-01,  5.71507E+00,  1.00000E-02,  4.34434E-03
840,1.38028E-01,  5.73060E+00,  1.00000E-02,  2.21675E-03
841,1.40000E-01,  5.73722E+00,  1.00000E-02,  1.32891E-05
