 1,6.79212E-44,  5.83410E+00,  1.00000E-02,  1.20072E+00
 2,1.30767E-03,  5.83479E+00,  1.00000E-02,  1.19915E+00
 3,2.53992E-03,  5.83609E+00,  1.00000E-02,  1.19767E+00
 4,3.70108E-03,  5.83728E+00,  1.00000E-02,  1.19627E+00
 5,4.79527E-03,  5.83850E+00,  1.00000E-02,  1.19496E+00
 6,5.82634E-03,  5.83983E+00,  1.00000E-02,  1.19371E+00
 7,6.79794E-03,  5.84132E+00,  1.00000E-02,  1.19254E+00
 8,7.71349E-03,  5.84301E+00,  1.00000E-02,  1.19144E+00
 9,8.57623E-03,  5.84493E+00,  1.00000E-02,  1.19039E+00
10,9.38921E-03,  5.84711E+00,  1.00000E-02,  1.18941E+00
11,1.01553E-02,  5.84957E+00,  1.00000E-02,  1.18848E+00
12,1.08772E-02,  5.85231E+00,  1.00000E-02,  1.18760E+00
13,1.15574E-02,  5.85537E+00,  1.00000E-02,  1.18678E+00
14,1.21985E-02,  5.85876E+00,  1.00000E-02,  1.18599E+00
15,1.28025E-02,  5.86249E+00,  1.00000E-02,  1.18526E+00
16,1.33717E-02,  5.86659E+00,  1.00000E-02,  1.18456E+00
17,1.39081E-02,  5.87109E+00,  1.00000E-02,  1.18390E+00
18,1.44135E-02,  5.87601E+00,  1.00000E-02,  1.18327E+00
19,1.48898E-02,  5.88139E+00,  1.00000E-02,  1.18269E+00
20,1.53386E-02,  5.88727E+00,  1.00000E-02,  1.18213E+00
21,1.57615E-02,  5.89371E+00,  1.00000E-02,  1.18160E+00
22,1.61600E-02,  5.90077E+00,  1.00000E-02,  1.18110E+00
23,1.65355E-02,  5.90853E+00,  1.00000E-02,  1.18063E+00
24,1.68894E-02,  5.91709E+00,  1.00000E-02,  1.18018E+00
25,1.72228E-02,  5.92658E+00,  1.00000E-02,  1.17976E+00
26,1.75371E-02,  5.93718E+00,  1.00000E-02,  1.17935E+00
27,1.78332E-02,  5.94908E+00,  1.00000E-02,  1.17897E+00
28,1.81122E-02,  5.96256E+00,  1.00000E-02,  1.17861E+00
29,1.83751E-02,  5.97801E+00,  1.00000E-02,  1.17827E+00
30,1.86229E-02,  5.99593E+00,  1.00000E-02,  1.17794E+00
31,1.88563E-02,  6.01707E+00,  1.00000E-02,  1.17764E+00
32,1.90763E-02,  6.04236E+00,  1.00000E-02,  1.17735E+00
33,1.92836E-02,  6.07323E+00,  1.00000E-02,  1.17707E+00
34,1.94790E-02,  6.11529E+00,  1.00000E-02,  1.17684E+00
35,1.96631E-02,  6.18958E+00,  1.00000E-02,  1.17674E+00
36,1.98365E-02,  6.32959E+00,  1.00000E-02,  1.17673E+00
37,2.00000E-02,  6.43203E+00,  1.00000E-02,  1.17551E+00
38,2.00780E-02,  6.34179E+00,  1.00080E-02,  1.17323E+00
39,2.01560E-02,  6.13421E+00,  1.00160E-02,  1.17289E+00
40,2.02341E-02,  5.94679E+00,  1.00239E-02,  1.17326E+00
41,2.03121E-02,  5.80428E+00,  1.00316E-02,  1.17367E+00
42,2.03902E-02,  5.69394E+00,  1.00392E-02,  1.17392E+00
43,2.04682E-02,  5.60308E+00,  1.00469E-02,  1.17409E+00
44,2.05463E-02,  5.52542E+00,  1.00542E-02,  1.17420E+00
45,2.06243E-02,  5.45350E+00,  1.00616E-02,  1.17424E+00
46,2.07024E-02,  5.38577E+00,  1.00689E-02,  1.17431E+00
47,2.07805E-02,  5.32417E+00,  1.00759E-02,  1.17439E+00
48,2.08586E-02,  5.26559E+00,  1.00830E-02,  1.17443E+00
49,2.09367E-02,  5.21006E+00,  1.00900E-02,  1.17450E+00
50,2.10148E-02,  5.15977E+00,  1.00967E-02,  1.17457E+00
51,2.10929E-02,  5.11172E+00,  1.01034E-02,  1.17461E+00
52,2.11710E-02,  5.06587E+00,  1.01101E-02,  1.17468E+00
53,2.12492E-02,  5.02438E+00,  1.01165E-02,  1.17474E+00
54,2.13273E-02,  4.98439E+00,  1.01228E-02,  1.17477E+00
55,2.14054E-02,  4.94596E+00,  1.01292E-02,  1.17484E+00
56,2.14836E-02,  4.91125E+00,  1.01353E-02,  1.17490E+00
57,2.15618E-02,  4.87756E+00,  1.01413E-02,  1.17493E+00
58,2.16399E-02,  4.84500E+00,  1.01474E-02,  1.17498E+00
59,2.17181E-02,  4.81572E+00,  1.01531E-02,  1.17504E+00
60,2.17962E-02,  4.78712E+00,  1.01588E-02,  1.17507E+00
61,2.18744E-02,  4.75936E+00,  1.01646E-02,  1.17512E+00
62,2.19526E-02,  4.73456E+00,  1.01700E-02,  1.17517E+00
63,2.20308E-02,  4.71019E+00,  1.01754E-02,  1.17519E+00
64,2.21090E-02,  4.68643E+00,  1.01808E-02,  1.17524E+00
65,2.21872E-02,  4.66540E+00,  1.01859E-02,  1.17529E+00
66,2.22654E-02,  4.64461E+00,  1.01910E-02,  1.17530E+00
67,2.23436E-02,  4.62427E+00,  1.01961E-02,  1.17535E+00
68,2.24218E-02,  4.60647E+00,  1.02009E-02,  1.17539E+00
69,2.25000E-02,  4.58877E+00,  1.02056E-02,  1.17541E+00
70,2.25783E-02,  4.57139E+00,  1.02104E-02,  1.17545E+00
71,2.26565E-02,  4.55640E+00,  1.02149E-02,  1.17549E+00
72,2.27347E-02,  4.54140E+00,  1.02193E-02,  1.17550E+00
73,2.28129E-02,  4.52662E+00,  1.02238E-02,  1.17554E+00
74,2.28912E-02,  4.51410E+00,  1.02279E-02,  1.17557E+00
75,2.29694E-02,  4.50149E+00,  1.02320E-02,  1.17558E+00
76,2.30477E-02,  4.48902E+00,  1.02362E-02,  1.17561E+00
77,2.31259E-02,  4.47872E+00,  1.02400E-02,  1.17564E+00
78,2.32042E-02,  4.46824E+00,  1.02438E-02,  1.17565E+00
79,2.32824E-02,  4.45784E+00,  1.02476E-02,  1.17568E+00
80,2.33607E-02,  4.44953E+00,  1.02510E-02,  1.17571E+00
81,2.34390E-02,  4.44098E+00,  1.02545E-02,  1.17570E+00
82,2.35172E-02,  4.43247E+00,  1.02580E-02,  1.17573E+00
83,2.35955E-02,  4.42597E+00,  1.02612E-02,  1.17576E+00
84,2.36738E-02,  4.41918E+00,  1.02643E-02,  1.17575E+00
85,2.37520E-02,  4.41238E+00,  1.02675E-02,  1.17578E+00
86,2.38303E-02,  4.40755E+00,  1.02703E-02,  1.17580E+00
87,2.39086E-02,  4.40239E+00,  1.02732E-02,  1.17579E+00
88,2.39869E-02,  4.39719E+00,  1.02760E-02,  1.17581E+00
89,2.40652E-02,  4.39391E+00,  1.02785E-02,  1.17583E+00
90,2.41434E-02,  4.39026E+00,  1.02810E-02,  1.17582E+00
91,2.42217E-02,  4.38654E+00,  1.02836E-02,  1.17584E+00
92,2.43000E-02,  4.38471E+00,  1.02857E-02,  1.17585E+00
93,2.43783E-02,  4.38248E+00,  1.02879E-02,  1.17584E+00
94,2.44566E-02,  4.38016E+00,  1.02901E-02,  1.17585E+00
95,2.45349E-02,  4.37969E+00,  1.02920E-02,  1.17586E+00
96,2.46132E-02,  4.37878E+00,  1.02939E-02,  1.17584E+00
97,2.46914E-02,  4.37777E+00,  1.02957E-02,  1.17585E+00
98,2.47697E-02,  4.37857E+00,  1.02973E-02,  1.17586E+00
99,2.48480E-02,  4.37890E+00,  1.02988E-02,  1.17584E+00
100,2.49263E-02,  4.37908E+00,  1.03004E-02,  1.17585E+00
101,2.50046E-02,  4.38105E+00,  1.03016E-02,  1.17585E+00
102,2.50829E-02,  4.38252E+00,  1.03028E-02,  1.17583E+00
103,2.51612E-02,  4.38383E+00,  1.03041E-02,  1.17583E+00
104,2.52395E-02,  4.38690E+00,  1.03050E-02,  1.17583E+00
105,2.53178E-02,  4.38945E+00,  1.03059E-02,  1.17580E+00
106,2.53961E-02,  4.39183E+00,  1.03068E-02,  1.17580E+00
107,2.54743E-02,  4.39595E+00,  1.03074E-02,  1.17580E+00
108,2.55526E-02,  4.39953E+00,  1.03079E-02,  1.17577E+00
109,2.56309E-02,  4.40291E+00,  1.03085E-02,  1.17576E+00
110,2.57092E-02,  4.40803E+00,  1.03088E-02,  1.17576E+00
111,2.57875E-02,  4.41257E+00,  1.03090E-02,  1.17572E+00
112,2.58658E-02,  4.41691E+00,  1.03093E-02,  1.17572E+00
113,2.59440E-02,  4.42298E+00,  1.03092E-02,  1.17571E+00
114,2.60223E-02,  4.42845E+00,  1.03092E-02,  1.17567E+00
115,2.61006E-02,  4.43371E+00,  1.03091E-02,  1.17566E+00
116,2.61789E-02,  4.44069E+00,  1.03087E-02,  1.17565E+00
117,2.62571E-02,  4.44705E+00,  1.03083E-02,  1.17561E+00
118,2.63354E-02,  4.45319E+00,  1.03079E-02,  1.17559E+00
119,2.64137E-02,  4.46105E+00,  1.03072E-02,  1.17558E+00
120,2.64919E-02,  4.46827E+00,  1.03065E-02,  1.17553E+00
121,2.65702E-02,  4.47527E+00,  1.03058E-02,  1.17551E+00
122,2.66485E-02,  4.48397E+00,  1.03048E-02,  1.17550E+00
123,2.67267E-02,  4.49202E+00,  1.03038E-02,  1.17545E+00
124,2.68050E-02,  4.49985E+00,  1.03027E-02,  1.17543E+00
125,2.68832E-02,  4.50937E+00,  1.03014E-02,  1.17540E+00
126,2.69614E-02,  4.51822E+00,  1.03000E-02,  1.17535E+00
127,2.70397E-02,  4.52684E+00,  1.02987E-02,  1.17533E+00
128,2.71179E-02,  4.53717E+00,  1.02970E-02,  1.17530E+00
129,2.71961E-02,  4.54680E+00,  1.02953E-02,  1.17524E+00
130,2.72744E-02,  4.55619E+00,  1.02937E-02,  1.17522E+00
131,2.73526E-02,  4.56729E+00,  1.02917E-02,  1.17519E+00
132,2.74308E-02,  4.57768E+00,  1.02897E-02,  1.17513E+00
133,2.75090E-02,  4.58783E+00,  1.02877E-02,  1.17510E+00
134,2.75872E-02,  4.59970E+00,  1.02854E-02,  1.17506E+00
135,2.76654E-02,  4.61083E+00,  1.02830E-02,  1.17500E+00
136,2.77436E-02,  4.62172E+00,  1.02807E-02,  1.17496E+00
137,2.78218E-02,  4.63434E+00,  1.02781E-02,  1.17493E+00
138,2.79000E-02,  4.64620E+00,  1.02755E-02,  1.17486E+00
139,2.79782E-02,  4.65781E+00,  1.02728E-02,  1.17482E+00
140,2.80564E-02,  4.67116E+00,  1.02699E-02,  1.17478E+00
141,2.81345E-02,  4.68373E+00,  1.02669E-02,  1.17471E+00
142,2.82127E-02,  4.69605E+00,  1.02640E-02,  1.17466E+00
143,2.82908E-02,  4.71012E+00,  1.02607E-02,  1.17462E+00
144,2.83690E-02,  4.72339E+00,  1.02574E-02,  1.17454E+00
145,2.84471E-02,  4.73641E+00,  1.02541E-02,  1.17449E+00
146,2.85253E-02,  4.75118E+00,  1.02505E-02,  1.17445E+00
147,2.86034E-02,  4.76514E+00,  1.02469E-02,  1.17436E+00
148,2.86815E-02,  4.77884E+00,  1.02433E-02,  1.17431E+00
149,2.87596E-02,  4.79431E+00,  1.02394E-02,  1.17426E+00
150,2.88377E-02,  4.80894E+00,  1.02355E-02,  1.17418E+00
151,2.89159E-02,  4.82331E+00,  1.02316E-02,  1.17412E+00
152,2.89939E-02,  4.83946E+00,  1.02274E-02,  1.17406E+00
153,2.90720E-02,  4.85475E+00,  1.02231E-02,  1.17397E+00
154,2.91501E-02,  4.86979E+00,  1.02189E-02,  1.17392E+00
155,2.92282E-02,  4.88662E+00,  1.02143E-02,  1.17385E+00
156,2.93062E-02,  4.90256E+00,  1.02098E-02,  1.17376E+00
157,2.93843E-02,  4.91825E+00,  1.02052E-02,  1.17370E+00
158,2.94623E-02,  4.93575E+00,  1.02004E-02,  1.17363E+00
159,2.95404E-02,  4.95234E+00,  1.01955E-02,  1.17353E+00
160,2.96184E-02,  4.96867E+00,  1.01906E-02,  1.17346E+00
161,2.96964E-02,  4.98683E+00,  1.01854E-02,  1.17339E+00
162,2.97744E-02,  5.00406E+00,  1.01802E-02,  1.17329E+00
163,2.98524E-02,  5.02103E+00,  1.01751E-02,  1.17322E+00
164,2.99304E-02,  5.03986E+00,  1.01696E-02,  1.17314E+00
165,3.00084E-02,  5.05775E+00,  1.01640E-02,  1.17303E+00
166,3.00863E-02,  5.07537E+00,  1.01585E-02,  1.17296E+00
167,3.01643E-02,  5.09488E+00,  1.01527E-02,  1.17288E+00
168,3.02422E-02,  5.11345E+00,  1.01469E-02,  1.17276E+00
169,3.03202E-02,  5.13178E+00,  1.01411E-02,  1.17268E+00
170,3.03981E-02,  5.15204E+00,  1.01349E-02,  1.17260E+00
171,3.04760E-02,  5.17134E+00,  1.01288E-02,  1.17248E+00
172,3.05540E-02,  5.19039E+00,  1.01227E-02,  1.17240E+00
173,3.06318E-02,  5.21142E+00,  1.01162E-02,  1.17231E+00
174,3.07097E-02,  5.23146E+00,  1.01097E-02,  1.17219E+00
175,3.07876E-02,  5.25126E+00,  1.01033E-02,  1.17210E+00
176,3.08655E-02,  5.27304E+00,  1.00965E-02,  1.17201E+00
177,3.09433E-02,  5.29377E+00,  1.00897E-02,  1.17188E+00
178,3.10212E-02,  5.31424E+00,  1.00830E-02,  1.17179E+00
179,3.10990E-02,  5.33672E+00,  1.00759E-02,  1.17170E+00
180,3.11768E-02,  5.35839E+00,  1.00688E-02,  1.17157E+00
181,3.12546E-02,  5.38031E+00,  1.00617E-02,  1.17148E+00
182,3.13324E-02,  5.40364E+00,  1.00543E-02,  1.17140E+00
183,3.14102E-02,  5.42524E+00,  1.00469E-02,  1.17127E+00
184,3.14880E-02,  5.44689E+00,  1.00395E-02,  1.17118E+00
185,3.15657E-02,  5.47078E+00,  1.00318E-02,  1.17109E+00
186,3.16434E-02,  5.49368E+00,  1.00241E-02,  1.17096E+00
187,3.17212E-02,  5.51646E+00,  1.00164E-02,  1.17086E+00
188,3.17989E-02,  5.54141E+00,  1.00084E-02,  1.17076E+00
189,3.18766E-02,  5.56530E+00,  1.00003E-02,  1.17062E+00
190,3.19543E-02,  5.58903E+00,  9.99231E-03,  1.17052E+00
191,3.20320E-02,  5.61491E+00,  9.98397E-03,  1.17041E+00
192,3.21096E-02,  5.63967E+00,  9.97564E-03,  1.17027E+00
193,3.21873E-02,  5.66427E+00,  9.96730E-03,  1.17016E+00
194,3.22649E-02,  5.69101E+00,  9.95865E-03,  1.17004E+00
195,3.23425E-02,  5.71658E+00,  9.95000E-03,  1.16989E+00
196,3.24202E-02,  5.74198E+00,  9.94135E-03,  1.16978E+00
197,3.24977E-02,  5.76953E+00,  9.93239E-03,  1.16966E+00
198,3.25753E-02,  5.79587E+00,  9.92343E-03,  1.16950E+00
199,3.26529E-02,  5.82203E+00,  9.91447E-03,  1.16937E+00
200,3.27304E-02,  5.85036E+00,  9.90520E-03,  1.16925E+00
201,3.28080E-02,  5.87744E+00,  9.89593E-03,  1.16908E+00
202,3.28855E-02,  5.90435E+00,  9.88666E-03,  1.16895E+00
203,3.29630E-02,  5.93344E+00,  9.87708E-03,  1.16882E+00
204,3.30405E-02,  5.96124E+00,  9.86750E-03,  1.16865E+00
205,3.31180E-02,  5.98889E+00,  9.85792E-03,  1.16851E+00
206,3.31954E-02,  6.01874E+00,  9.84803E-03,  1.16837E+00
207,3.32729E-02,  6.04727E+00,  9.83814E-03,  1.16819E+00
208,3.33503E-02,  6.07565E+00,  9.82825E-03,  1.16805E+00
209,3.34277E-02,  6.10626E+00,  9.81806E-03,  1.16790E+00
210,3.35051E-02,  6.13551E+00,  9.80786E-03,  1.16772E+00
211,3.35825E-02,  6.16463E+00,  9.79766E-03,  1.16757E+00
212,3.36598E-02,  6.19601E+00,  9.78716E-03,  1.16741E+00
213,3.37372E-02,  6.22599E+00,  9.77666E-03,  1.16722E+00
214,3.38145E-02,  6.25586E+00,  9.76616E-03,  1.16706E+00
215,3.38918E-02,  6.28802E+00,  9.75535E-03,  1.16691E+00
216,3.39691E-02,  6.31875E+00,  9.74454E-03,  1.16670E+00
217,3.40464E-02,  6.34938E+00,  9.73373E-03,  1.16654E+00
218,3.41236E-02,  6.38234E+00,  9.72261E-03,  1.16637E+00
219,3.42009E-02,  6.41382E+00,  9.71150E-03,  1.16616E+00
220,3.42781E-02,  6.44523E+00,  9.70039E-03,  1.16600E+00
221,3.43553E-02,  6.47900E+00,  9.68897E-03,  1.16582E+00
222,3.44325E-02,  6.51126E+00,  9.67755E-03,  1.16561E+00
223,3.45097E-02,  6.54347E+00,  9.66613E-03,  1.16543E+00
224,3.45868E-02,  6.57807E+00,  9.65441E-03,  1.16525E+00
225,3.46640E-02,  6.61113E+00,  9.64269E-03,  1.16502E+00
226,3.47411E-02,  6.64415E+00,  9.63097E-03,  1.16484E+00
227,3.48182E-02,  6.67961E+00,  9.61894E-03,  1.16465E+00
228,3.48953E-02,  6.71348E+00,  9.60692E-03,  1.16442E+00
229,3.49723E-02,  6.74734E+00,  9.59490E-03,  1.16423E+00
230,3.50494E-02,  6.78368E+00,  9.58257E-03,  1.16403E+00
231,3.51264E-02,  6.81840E+00,  9.57025E-03,  1.16379E+00
232,3.52034E-02,  6.85312E+00,  9.55792E-03,  1.16359E+00
233,3.52804E-02,  6.89036E+00,  9.54530E-03,  1.16339E+00
234,3.53574E-02,  6.92594E+00,  9.53267E-03,  1.16314E+00
235,3.54343E-02,  6.96156E+00,  9.52005E-03,  1.16293E+00
236,3.55112E-02,  6.99973E+00,  9.50713E-03,  1.16272E+00
237,3.55881E-02,  7.03621E+00,  9.49420E-03,  1.16247E+00
238,3.56650E-02,  7.07273E+00,  9.48128E-03,  1.16225E+00
239,3.57419E-02,  7.11187E+00,  9.46806E-03,  1.16203E+00
240,3.58187E-02,  7.14926E+00,  9.45484E-03,  1.16177E+00
241,3.58956E-02,  7.18674E+00,  9.44162E-03,  1.16154E+00
242,3.59724E-02,  7.22687E+00,  9.42810E-03,  1.16132E+00
243,3.60492E-02,  7.26521E+00,  9.41458E-03,  1.16104E+00
244,3.61259E-02,  7.30366E+00,  9.40107E-03,  1.16081E+00
245,3.62027E-02,  7.34481E+00,  9.38725E-03,  1.16057E+00
246,3.62794E-02,  7.38413E+00,  9.37344E-03,  1.16029E+00
247,3.63561E-02,  7.42359E+00,  9.35963E-03,  1.16005E+00
248,3.64328E-02,  7.46580E+00,  9.34552E-03,  1.15981E+00
249,3.65094E-02,  7.50613E+00,  9.33142E-03,  1.15951E+00
250,3.65861E-02,  7.54663E+00,  9.31731E-03,  1.15926E+00
251,3.66627E-02,  7.58993E+00,  9.30291E-03,  1.15901E+00
252,3.67393E-02,  7.63132E+00,  9.28851E-03,  1.15870E+00
253,3.68159E-02,  7.67289E+00,  9.27411E-03,  1.15845E+00
254,3.68924E-02,  7.71732E+00,  9.25942E-03,  1.15818E+00
255,3.69689E-02,  7.75979E+00,  9.24473E-03,  1.15787E+00
256,3.70455E-02,  7.80247E+00,  9.23004E-03,  1.15760E+00
257,3.71219E-02,  7.84807E+00,  9.21506E-03,  1.15733E+00
258,3.71984E-02,  7.89166E+00,  9.20008E-03,  1.15700E+00
259,3.72749E-02,  7.93549E+00,  9.18510E-03,  1.15673E+00
260,3.73513E-02,  7.98231E+00,  9.16984E-03,  1.15645E+00
261,3.74276E-02,  8.02705E+00,  9.15457E-03,  1.15611E+00
262,3.75040E-02,  8.07208E+00,  9.13930E-03,  1.15582E+00
263,3.75804E-02,  8.12015E+00,  9.12374E-03,  1.15553E+00
264,3.76567E-02,  8.16610E+00,  9.10819E-03,  1.15518E+00
265,3.77330E-02,  8.21236E+00,  9.09263E-03,  1.15489E+00
266,3.78093E-02,  8.26172E+00,  9.07679E-03,  1.15459E+00
267,3.78855E-02,  8.30892E+00,  9.06095E-03,  1.15423E+00
268,3.79618E-02,  8.35646E+00,  9.04511E-03,  1.15392E+00
269,3.80380E-02,  8.40717E+00,  9.02899E-03,  1.15361E+00
270,3.81142E-02,  8.45566E+00,  9.01286E-03,  1.15323E+00
271,3.81904E-02,  8.50452E+00,  8.99674E-03,  1.15292E+00
272,3.82665E-02,  8.55663E+00,  8.98033E-03,  1.15259E+00
273,3.83426E-02,  8.60646E+00,  8.96393E-03,  1.15221E+00
274,3.84187E-02,  8.65670E+00,  8.94752E-03,  1.15188E+00
275,3.84947E-02,  8.71026E+00,  8.93083E-03,  1.15154E+00
276,3.85708E-02,  8.76148E+00,  8.91415E-03,  1.15115E+00
277,3.86468E-02,  8.81315E+00,  8.89746E-03,  1.15081E+00
278,3.87228E-02,  8.86821E+00,  8.88049E-03,  1.15046E+00
279,3.87988E-02,  8.92088E+00,  8.86353E-03,  1.15005E+00
280,3.88747E-02,  8.97404E+00,  8.84656E-03,  1.14969E+00
281,3.89506E-02,  9.03066E+00,  8.82932E-03,  1.14933E+00
282,3.90265E-02,  9.08484E+00,  8.81208E-03,  1.14891E+00
283,3.91024E-02,  9.13954E+00,  8.79484E-03,  1.14854E+00
284,3.91782E-02,  9.19779E+00,  8.77732E-03,  1.14817E+00
285,3.92540E-02,  9.25353E+00,  8.75980E-03,  1.14774E+00
286,3.93299E-02,  9.30984E+00,  8.74228E-03,  1.14735E+00
287,3.94056E-02,  9.36978E+00,  8.72449E-03,  1.14697E+00
288,3.94813E-02,  9.42715E+00,  8.70670E-03,  1.14652E+00
289,3.95571E-02,  9.48514E+00,  8.68891E-03,  1.14612E+00
290,3.96327E-02,  9.54684E+00,  8.67085E-03,  1.14572E+00
291,3.97084E-02,  9.60593E+00,  8.65278E-03,  1.14526E+00
292,3.97841E-02,  9.66567E+00,  8.63472E-03,  1.14485E+00
293,3.98597E-02,  9.72921E+00,  8.61639E-03,  1.14443E+00
294,3.99353E-02,  9.79008E+00,  8.59806E-03,  1.14395E+00
295,4.00108E-02,  9.85165E+00,  8.57973E-03,  1.14353E+00
296,4.00863E-02,  9.91713E+00,  8.56113E-03,  1.14310E+00
297,4.01619E-02,  9.97987E+00,  8.54253E-03,  1.14260E+00
298,4.02374E-02,  1.00434E+01,  8.52393E-03,  1.14216E+00
299,4.03128E-02,  1.01109E+01,  8.50507E-03,  1.14172E+00
300,4.03882E-02,  1.01756E+01,  8.48620E-03,  1.14120E+00
301,4.04636E-02,  1.02411E+01,  8.46734E-03,  1.14075E+00
302,4.05390E-02,  1.03108E+01,  8.44821E-03,  1.14029E+00
303,4.06143E-02,  1.03777E+01,  8.42908E-03,  1.13976E+00
304,4.06897E-02,  1.04454E+01,  8.40995E-03,  1.13929E+00
305,4.07650E-02,  1.05174E+01,  8.39057E-03,  1.13881E+00
306,4.08402E-02,  1.05865E+01,  8.37118E-03,  1.13826E+00
307,4.09155E-02,  1.06566E+01,  8.35179E-03,  1.13777E+00
308,4.09907E-02,  1.07311E+01,  8.33214E-03,  1.13728E+00
309,4.10659E-02,  1.08026E+01,  8.31250E-03,  1.13672E+00
310,4.11411E-02,  1.08752E+01,  8.29285E-03,  1.13621E+00
311,4.12162E-02,  1.09524E+01,  8.27295E-03,  1.13570E+00
312,4.12913E-02,  1.10265E+01,  8.25304E-03,  1.13512E+00
313,4.13664E-02,  1.11018E+01,  8.23314E-03,  1.13460E+00
314,4.14414E-02,  1.11818E+01,  8.21299E-03,  1.13407E+00
315,4.15164E-02,  1.12586E+01,  8.19283E-03,  1.13347E+00
316,4.15914E-02,  1.13368E+01,  8.17267E-03,  1.13293E+00
317,4.16664E-02,  1.14197E+01,  8.15226E-03,  1.13238E+00
318,4.17413E-02,  1.14995E+01,  8.13186E-03,  1.13176E+00
319,4.18162E-02,  1.15806E+01,  8.11145E-03,  1.13120E+00
320,4.18911E-02,  1.16667E+01,  8.09079E-03,  1.13063E+00
321,4.19659E-02,  1.17493E+01,  8.07014E-03,  1.12999E+00
322,4.20408E-02,  1.18331E+01,  8.04948E-03,  1.12940E+00
323,4.21156E-02,  1.19217E+01,  8.02858E-03,  1.12881E+00
324,4.21903E-02,  1.20071E+01,  8.00768E-03,  1.12815E+00
325,4.22651E-02,  1.20955E+01,  7.98677E-03,  1.12757E+00
326,4.23398E-02,  1.21863E+01,  7.96563E-03,  1.12699E+00
327,4.24145E-02,  1.22701E+01,  7.94448E-03,  1.12633E+00
328,4.24892E-02,  1.23562E+01,  7.92334E-03,  1.12572E+00
329,4.25638E-02,  1.24477E+01,  7.90195E-03,  1.12511E+00
330,4.26384E-02,  1.25359E+01,  7.88057E-03,  1.12441E+00
331,4.27130E-02,  1.26255E+01,  7.85918E-03,  1.12377E+00
332,4.27875E-02,  1.27206E+01,  7.83756E-03,  1.12313E+00
333,4.28620E-02,  1.28121E+01,  7.81593E-03,  1.12240E+00
334,4.29365E-02,  1.29050E+01,  7.79431E-03,  1.12174E+00
335,4.30109E-02,  1.30034E+01,  7.77245E-03,  1.12106E+00
336,4.30854E-02,  1.30981E+01,  7.75059E-03,  1.12030E+00
337,4.31598E-02,  1.31942E+01,  7.72873E-03,  1.11961E+00
338,4.32341E-02,  1.32959E+01,  7.70664E-03,  1.11891E+00
339,4.33085E-02,  1.33938E+01,  7.68455E-03,  1.11812E+00
340,4.33828E-02,  1.34932E+01,  7.66247E-03,  1.11741E+00
341,4.34571E-02,  1.35982E+01,  7.64015E-03,  1.11667E+00
342,4.35313E-02,  1.36995E+01,  7.61783E-03,  1.11585E+00
343,4.36056E-02,  1.38023E+01,  7.59551E-03,  1.11511E+00
344,4.36797E-02,  1.39108E+01,  7.57297E-03,  1.11435E+00
345,4.37539E-02,  1.40155E+01,  7.55042E-03,  1.11350E+00
346,4.38281E-02,  1.41218E+01,  7.52788E-03,  1.11272E+00
347,4.39021E-02,  1.42339E+01,  7.50511E-03,  1.11193E+00
348,4.39762E-02,  1.43423E+01,  7.48235E-03,  1.11104E+00
349,4.40503E-02,  1.44522E+01,  7.45958E-03,  1.11023E+00
350,4.41243E-02,  1.45682E+01,  7.43660E-03,  1.10941E+00
351,4.41983E-02,  1.46804E+01,  7.41362E-03,  1.10850E+00
352,4.42723E-02,  1.47942E+01,  7.39063E-03,  1.10765E+00
353,4.43462E-02,  1.49142E+01,  7.36744E-03,  1.10680E+00
354,4.44201E-02,  1.50303E+01,  7.34424E-03,  1.10585E+00
355,4.44940E-02,  1.51483E+01,  7.32104E-03,  1.10497E+00
356,4.45678E-02,  1.52725E+01,  7.29763E-03,  1.10408E+00
357,4.46416E-02,  1.53928E+01,  7.27422E-03,  1.10309E+00
358,4.47155E-02,  1.55150E+01,  7.25081E-03,  1.10218E+00
359,4.47892E-02,  1.56437E+01,  7.22720E-03,  1.10125E+00
360,4.48629E-02,  1.57685E+01,  7.20358E-03,  1.10022E+00
361,4.49367E-02,  1.58952E+01,  7.17997E-03,  1.09928E+00
362,4.50103E-02,  1.60285E+01,  7.15615E-03,  1.09831E+00
363,4.50839E-02,  1.61579E+01,  7.13233E-03,  1.09724E+00
364,4.51576E-02,  1.62894E+01,  7.10851E-03,  1.09626E+00
365,4.52311E-02,  1.64276E+01,  7.08449E-03,  1.09525E+00
366,4.53047E-02,  1.65619E+01,  7.06048E-03,  1.09414E+00
367,4.53783E-02,  1.66983E+01,  7.03646E-03,  1.09311E+00
368,4.54517E-02,  1.68417E+01,  7.01225E-03,  1.09207E+00
369,4.55252E-02,  1.69812E+01,  6.98804E-03,  1.09092E+00
370,4.55987E-02,  1.71228E+01,  6.96383E-03,  1.08984E+00
371,4.56720E-02,  1.72716E+01,  6.93942E-03,  1.08875E+00
372,4.57454E-02,  1.74165E+01,  6.91502E-03,  1.08756E+00
373,4.58188E-02,  1.75637E+01,  6.89062E-03,  1.08644E+00
374,4.58921E-02,  1.77182E+01,  6.86603E-03,  1.08530E+00
375,4.59654E-02,  1.78688E+01,  6.84145E-03,  1.08406E+00
376,4.60387E-02,  1.80218E+01,  6.81686E-03,  1.08289E+00
377,4.61119E-02,  1.81823E+01,  6.79209E-03,  1.08171E+00
378,4.61851E-02,  1.83389E+01,  6.76733E-03,  1.08041E+00
379,4.62584E-02,  1.84981E+01,  6.74256E-03,  1.07920E+00
380,4.63315E-02,  1.86648E+01,  6.71762E-03,  1.07796E+00
381,4.64046E-02,  1.88278E+01,  6.69267E-03,  1.07661E+00
382,4.64777E-02,  1.89934E+01,  6.66773E-03,  1.07534E+00
383,4.65508E-02,  1.91668E+01,  6.64262E-03,  1.07405E+00
384,4.66238E-02,  1.93364E+01,  6.61750E-03,  1.07265E+00
385,4.66969E-02,  1.95088E+01,  6.59239E-03,  1.07133E+00
386,4.67698E-02,  1.96891E+01,  6.56711E-03,  1.06998E+00
387,4.68428E-02,  1.98659E+01,  6.54184E-03,  1.06852E+00
388,4.69157E-02,  2.00454E+01,  6.51656E-03,  1.06714E+00
389,4.69886E-02,  2.02331E+01,  6.49112E-03,  1.06573E+00
390,4.70615E-02,  2.04172E+01,  6.46568E-03,  1.06421E+00
391,4.71344E-02,  2.06043E+01,  6.44025E-03,  1.06276E+00
392,4.72072E-02,  2.07997E+01,  6.41466E-03,  1.06129E+00
393,4.72800E-02,  2.09917E+01,  6.38906E-03,  1.05971E+00
394,4.73528E-02,  2.11867E+01,  6.36347E-03,  1.05820E+00
395,4.74255E-02,  2.13902E+01,  6.33774E-03,  1.05666E+00
396,4.74982E-02,  2.15905E+01,  6.31200E-03,  1.05501E+00
397,4.75709E-02,  2.17939E+01,  6.28626E-03,  1.05343E+00
398,4.76435E-02,  2.20060E+01,  6.26038E-03,  1.05182E+00
399,4.77162E-02,  2.22151E+01,  6.23450E-03,  1.05010E+00
400,4.77888E-02,  2.24273E+01,  6.20862E-03,  1.04844E+00
401,4.78614E-02,  2.26485E+01,  6.18261E-03,  1.04676E+00
402,4.79339E-02,  2.28667E+01,  6.15659E-03,  1.04496E+00
403,4.80065E-02,  2.30884E+01,  6.13058E-03,  1.04323E+00
404,4.80789E-02,  2.33190E+01,  6.10444E-03,  1.04147E+00
405,4.81514E-02,  2.35471E+01,  6.07830E-03,  1.03959E+00
406,4.82239E-02,  2.37786E+01,  6.05215E-03,  1.03778E+00
407,4.82963E-02,  2.40194E+01,  6.02589E-03,  1.03593E+00
408,4.83687E-02,  2.42578E+01,  5.99963E-03,  1.03397E+00
409,4.84411E-02,  2.44998E+01,  5.97337E-03,  1.03207E+00
410,4.85134E-02,  2.47513E+01,  5.94699E-03,  1.03014E+00
411,4.85857E-02,  2.50007E+01,  5.92061E-03,  1.02808E+00
412,4.86581E-02,  2.52539E+01,  5.89424E-03,  1.02609E+00
413,4.87303E-02,  2.55167E+01,  5.86776E-03,  1.02407E+00
414,4.88026E-02,  2.57777E+01,  5.84128E-03,  1.02192E+00
415,4.88748E-02,  2.60427E+01,  5.81479E-03,  1.01983E+00
416,4.89470E-02,  2.63173E+01,  5.78822E-03,  1.01771E+00
417,4.90192E-02,  2.65906E+01,  5.76164E-03,  1.01546E+00
418,4.90914E-02,  2.68680E+01,  5.73506E-03,  1.01327E+00
419,4.91635E-02,  2.71552E+01,  5.70839E-03,  1.01104E+00
420,4.92356E-02,  2.74414E+01,  5.68172E-03,  1.00869E+00
421,4.93077E-02,  2.77319E+01,  5.65505E-03,  1.00639E+00
422,4.93797E-02,  2.80322E+01,  5.62831E-03,  1.00405E+00
423,4.94518E-02,  2.83321E+01,  5.60156E-03,  1.00159E+00
424,4.95238E-02,  2.86365E+01,  5.57481E-03,  9.99169E-01
425,4.95958E-02,  2.89507E+01,  5.54799E-03,  9.96709E-01
426,4.96678E-02,  2.92650E+01,  5.52117E-03,  9.94135E-01
427,4.97398E-02,  2.95841E+01,  5.49435E-03,  9.91590E-01
428,4.98117E-02,  2.99129E+01,  5.46747E-03,  9.89004E-01
429,4.98836E-02,  3.02425E+01,  5.44059E-03,  9.86307E-01
430,4.99555E-02,  3.05771E+01,  5.41371E-03,  9.83630E-01
431,5.00274E-02,  3.09213E+01,  5.38678E-03,  9.80909E-01
432,5.00992E-02,  3.12671E+01,  5.35984E-03,  9.78081E-01
433,5.01711E-02,  3.16180E+01,  5.33291E-03,  9.75263E-01
434,5.02429E-02,  3.19784E+01,  5.30594E-03,  9.72400E-01
435,5.03147E-02,  3.23412E+01,  5.27897E-03,  9.69433E-01
436,5.03865E-02,  3.27094E+01,  5.25199E-03,  9.66465E-01
437,5.04582E-02,  3.30868E+01,  5.22499E-03,  9.63449E-01
438,5.05299E-02,  3.34677E+01,  5.19799E-03,  9.60335E-01
439,5.06017E-02,  3.38541E+01,  5.17099E-03,  9.57208E-01
440,5.06734E-02,  3.42494E+01,  5.14397E-03,  9.54029E-01
441,5.07450E-02,  3.46493E+01,  5.11695E-03,  9.50760E-01
442,5.08167E-02,  3.50550E+01,  5.08993E-03,  9.47461E-01
443,5.08884E-02,  3.54691E+01,  5.06290E-03,  9.44109E-01
444,5.09600E-02,  3.58889E+01,  5.03588E-03,  9.40675E-01
445,5.10316E-02,  3.63149E+01,  5.00885E-03,  9.37194E-01
446,5.11032E-02,  3.67487E+01,  4.98183E-03,  9.33657E-01
447,5.11748E-02,  3.71897E+01,  4.95481E-03,  9.30048E-01
448,5.12464E-02,  3.76371E+01,  4.92779E-03,  9.26372E-01
449,5.13179E-02,  3.80915E+01,  4.90080E-03,  9.22638E-01
450,5.13895E-02,  3.85548E+01,  4.87380E-03,  9.18844E-01
451,5.14610E-02,  3.90247E+01,  4.84680E-03,  9.14961E-01
452,5.15325E-02,  3.95008E+01,  4.81984E-03,  9.11016E-01
453,5.16040E-02,  3.99875E+01,  4.79288E-03,  9.07025E-01
454,5.16755E-02,  4.04812E+01,  4.76591E-03,  9.02920E-01
455,5.17470E-02,  4.09799E+01,  4.73900E-03,  8.98751E-01
456,5.18185E-02,  4.14914E+01,  4.71209E-03,  8.94552E-01
457,5.18900E-02,  4.20102E+01,  4.68518E-03,  8.90210E-01
458,5.19614E-02,  4.25328E+01,  4.65833E-03,  8.85800E-01
459,5.20328E-02,  4.30706E+01,  4.63148E-03,  8.81381E-01
460,5.21043E-02,  4.36165E+01,  4.60464E-03,  8.76786E-01
461,5.21757E-02,  4.41648E+01,  4.57787E-03,  8.72120E-01
462,5.22471E-02,  4.47315E+01,  4.55111E-03,  8.67470E-01
463,5.23185E-02,  4.53075E+01,  4.52434E-03,  8.62609E-01
464,5.23899E-02,  4.58849E+01,  4.49768E-03,  8.57678E-01
465,5.24613E-02,  4.64850E+01,  4.47102E-03,  8.52793E-01
466,5.25326E-02,  4.70964E+01,  4.44435E-03,  8.47660E-01
467,5.26040E-02,  4.77107E+01,  4.41781E-03,  8.42456E-01
468,5.26754E-02,  4.83520E+01,  4.39126E-03,  8.37327E-01
469,5.27467E-02,  4.90023E+01,  4.36472E-03,  8.31800E-01
470,5.28181E-02,  4.96700E+01,  4.33831E-03,  8.26126E-01
471,5.28894E-02,  5.03768E+01,  4.31190E-03,  8.20653E-01
472,5.29608E-02,  5.10823E+01,  4.28550E-03,  8.14881E-01
473,5.30321E-02,  5.17785E+01,  4.25925E-03,  8.09037E-01
474,5.31035E-02,  5.25076E+01,  4.23300E-03,  8.03352E-01
475,5.31748E-02,  5.32479E+01,  4.20676E-03,  7.97249E-01
476,5.32461E-02,  5.39759E+01,  4.18069E-03,  7.91051E-01
477,5.33175E-02,  5.47429E+01,  4.15462E-03,  7.85059E-01
478,5.33888E-02,  5.55221E+01,  4.12856E-03,  7.78574E-01
479,5.34602E-02,  5.62837E+01,  4.10270E-03,  7.71988E-01
480,5.35315E-02,  5.70900E+01,  4.07684E-03,  7.65667E-01
481,5.36028E-02,  5.79095E+01,  4.05097E-03,  7.58775E-01
482,5.36742E-02,  5.87050E+01,  4.02534E-03,  7.51774E-01
483,5.37455E-02,  5.95517E+01,  3.99971E-03,  7.45110E-01
484,5.38168E-02,  6.04130E+01,  3.97408E-03,  7.37785E-01
485,5.38882E-02,  6.12425E+01,  3.94870E-03,  7.30345E-01
486,5.39595E-02,  6.21310E+01,  3.92332E-03,  7.23324E-01
487,5.40309E-02,  6.30358E+01,  3.89794E-03,  7.15542E-01
488,5.41023E-02,  6.38996E+01,  3.87285E-03,  7.07638E-01
489,5.41736E-02,  6.48312E+01,  3.84775E-03,  7.00244E-01
490,5.42450E-02,  6.57811E+01,  3.82265E-03,  6.91980E-01
491,5.43164E-02,  6.66793E+01,  3.79787E-03,  6.83585E-01
492,5.43878E-02,  6.76552E+01,  3.77309E-03,  6.75806E-01
493,5.44591E-02,  6.86520E+01,  3.74830E-03,  6.67033E-01
494,5.45306E-02,  6.95842E+01,  3.72386E-03,  6.58121E-01
495,5.46020E-02,  7.06053E+01,  3.69942E-03,  6.49941E-01
496,5.46734E-02,  7.16505E+01,  3.67497E-03,  6.40634E-01
497,5.47448E-02,  7.26158E+01,  3.65091E-03,  6.31177E-01
498,5.48163E-02,  7.36827E+01,  3.62684E-03,  6.22584E-01
499,5.48877E-02,  7.47773E+01,  3.60277E-03,  6.12716E-01
500,5.49592E-02,  7.57741E+01,  3.57911E-03,  6.02687E-01
501,5.50307E-02,  7.68868E+01,  3.55545E-03,  5.93667E-01
502,5.51022E-02,  7.80315E+01,  3.53179E-03,  5.83214E-01
503,5.51737E-02,  7.90574E+01,  3.50858E-03,  5.72588E-01
504,5.52452E-02,  8.02151E+01,  3.48537E-03,  5.63130E-01
505,5.53168E-02,  8.14101E+01,  3.46215E-03,  5.52068E-01
506,5.53883E-02,  8.24617E+01,  3.43942E-03,  5.40821E-01
507,5.54599E-02,  8.36626E+01,  3.41669E-03,  5.30916E-01
508,5.55315E-02,  8.49072E+01,  3.39396E-03,  5.19224E-01
509,5.56031E-02,  8.59799E+01,  3.37176E-03,  5.07335E-01
510,5.56747E-02,  8.72215E+01,  3.34955E-03,  4.96976E-01
511,5.57464E-02,  8.85142E+01,  3.32735E-03,  4.84635E-01
512,5.58181E-02,  8.96018E+01,  3.30571E-03,  4.72089E-01
513,5.58898E-02,  9.08799E+01,  3.28407E-03,  4.61272E-01
514,5.59614E-02,  9.22182E+01,  3.26243E-03,  4.48270E-01
515,5.60332E-02,  9.33131E+01,  3.24140E-03,  4.35055E-01
516,5.61049E-02,  9.46222E+01,  3.22037E-03,  4.23783E-01
517,5.61767E-02,  9.60021E+01,  3.19934E-03,  4.10112E-01
518,5.62485E-02,  9.70948E+01,  3.17897E-03,  3.96225E-01
519,5.63203E-02,  9.84275E+01,  3.15860E-03,  3.84504E-01
520,5.63921E-02,  9.98436E+01,  3.13823E-03,  3.70163E-01
521,5.64640E-02,  1.00922E+02,  3.11857E-03,  3.55609E-01
522,5.65359E-02,  1.02269E+02,  3.09890E-03,  3.43455E-01
523,5.66078E-02,  1.03714E+02,  3.07924E-03,  3.28452E-01
524,5.66798E-02,  1.04766E+02,  3.06033E-03,  3.13245E-01
525,5.67517E-02,  1.06115E+02,  3.04143E-03,  3.00684E-01
526,5.68237E-02,  1.07579E+02,  3.02252E-03,  2.85037E-01
527,5.68957E-02,  1.08587E+02,  3.00443E-03,  2.69204E-01
528,5.69677E-02,  1.09923E+02,  2.98633E-03,  2.56272E-01
529,5.70398E-02,  1.11397E+02,  2.96823E-03,  2.40011E-01
530,5.71118E-02,  1.12341E+02,  2.95100E-03,  2.23593E-01
531,5.71839E-02,  1.13648E+02,  2.93377E-03,  2.10340E-01
532,5.72560E-02,  1.15116E+02,  2.91654E-03,  1.93509E-01
533,5.73282E-02,  1.15976E+02,  2.90024E-03,  1.76560E-01
534,5.74004E-02,  1.17233E+02,  2.88393E-03,  1.63051E-01
535,5.74725E-02,  1.18678E+02,  2.86762E-03,  1.45709E-01
536,5.75448E-02,  1.19432E+02,  2.85229E-03,  1.28302E-01
537,5.76170E-02,  1.20614E+02,  2.83696E-03,  1.14618E-01
538,5.76893E-02,  1.22019E+02,  2.82164E-03,  9.68430E-02
539,5.77615E-02,  1.22639E+02,  2.80735E-03,  7.90691E-02
540,5.78338E-02,  1.23721E+02,  2.79306E-03,  6.53072E-02
541,5.79061E-02,  1.25062E+02,  2.77877E-03,  4.71951E-02
542,5.79785E-02,  1.25523E+02,  2.76557E-03,  2.91635E-02
543,5.80508E-02,  1.26474E+02,  2.75238E-03,  1.54389E-02
544,5.81232E-02,  1.27728E+02,  2.73919E-03, -2.89392E-03
545,5.81956E-02,  1.28002E+02,  2.72716E-03, -2.10540E-02
546,5.82680E-02,  1.28790E+02,  2.71512E-03, -3.46106E-02
547,5.83404E-02,  1.29932E+02,  2.70309E-03, -5.30276E-02
548,5.84128E-02,  1.29993E+02,  2.69227E-03, -7.11679E-02
549,5.84852E-02,  1.30585E+02,  2.68146E-03, -8.44119E-02
550,5.85576E-02,  1.31587E+02,  2.67064E-03, -1.02756E-01
551,5.86301E-02,  1.31411E+02,  2.66110E-03, -1.20711E-01
552,5.87025E-02,  1.31772E+02,  2.65156E-03, -1.33487E-01
553,5.87750E-02,  1.32608E+02,  2.64202E-03, -1.51585E-01
554,5.88474E-02,  1.32174E+02,  2.63381E-03, -1.69172E-01
555,5.89198E-02,  1.32272E+02,  2.62560E-03, -1.81318E-01
556,5.89923E-02,  1.32915E+02,  2.61740E-03, -1.98981E-01
557,5.90647E-02,  1.32207E+02,  2.61057E-03, -2.16009E-01
558,5.91371E-02,  1.32014E+02,  2.60375E-03, -2.27361E-01
559,5.92096E-02,  1.32442E+02,  2.59693E-03, -2.44391E-01
560,5.92820E-02,  1.31450E+02,  2.59155E-03, -2.60663E-01
561,5.93543E-02,  1.30943E+02,  2.58617E-03, -2.71064E-01
562,5.94267E-02,  1.31136E+02,  2.58078E-03, -2.87260E-01
563,5.94990E-02,  1.29858E+02,  2.57689E-03, -3.02580E-01
564,5.95714E-02,  1.29027E+02,  2.57299E-03, -3.11883E-01
565,5.96437E-02,  1.28969E+02,  2.56909E-03, -3.27052E-01
566,5.97159E-02,  1.27412E+02,  2.56673E-03, -3.41234E-01
567,5.97882E-02,  1.26255E+02,  2.56436E-03, -3.49314E-01
568,5.98604E-02,  1.25938E+02,  2.56199E-03, -3.63272E-01
569,5.99325E-02,  1.24114E+02,  2.56119E-03, -3.76152E-01
570,6.00046E-02,  1.22641E+02,  2.56039E-03, -3.82897E-01
571,6.00768E-02,  1.22056E+02,  2.55959E-03, -3.95465E-01
572,6.01487E-02,  1.19985E+02,  2.56040E-03, -4.06788E-01
573,6.02207E-02,  1.18231E+02,  2.56120E-03, -4.11943E-01
574,6.02927E-02,  1.17414E+02,  2.56200E-03, -4.22790E-01
575,6.03645E-02,  1.15161E+02,  2.56442E-03, -4.32349E-01
576,6.04363E-02,  1.13186E+02,  2.56685E-03, -4.35893E-01
577,6.05081E-02,  1.12144E+02,  2.56928E-03, -4.44991E-01
578,6.05796E-02,  1.09720E+02,  2.57335E-03, -4.52796E-01
579,6.06512E-02,  1.07542E+02,  2.57743E-03, -4.54760E-01
580,6.07228E-02,  1.06268E+02,  2.58150E-03, -4.62094E-01
581,6.07942E-02,  1.03693E+02,  2.58723E-03, -4.68134E-01
582,6.08655E-02,  1.01339E+02,  2.59297E-03, -4.68567E-01
583,6.09369E-02,  9.98436E+01,  2.59870E-03, -4.74136E-01
584,6.10079E-02,  9.71468E+01,  2.60610E-03, -4.78433E-01
585,6.10790E-02,  9.46542E+01,  2.61350E-03, -4.77404E-01
586,6.11501E-02,  9.29603E+01,  2.62089E-03, -4.81243E-01
587,6.12208E-02,  9.01806E+01,  2.62996E-03, -4.83854E-01
588,6.12916E-02,  8.75906E+01,  2.63902E-03, -4.81463E-01
589,6.13624E-02,  8.57310E+01,  2.64809E-03, -4.83645E-01
590,6.14328E-02,  8.29120E+01,  2.65881E-03, -4.84668E-01
591,6.15032E-02,  8.02691E+01,  2.66953E-03, -4.81038E-01
592,6.15737E-02,  7.82842E+01,  2.68025E-03, -4.81677E-01
593,6.16437E-02,  7.54718E+01,  2.69263E-03, -4.81244E-01
594,6.17138E-02,  7.28224E+01,  2.70500E-03, -4.76525E-01
595,6.17838E-02,  7.07583E+01,  2.71737E-03, -4.75763E-01
596,6.18535E-02,  6.79988E+01,  2.73137E-03, -4.74039E-01
597,6.19232E-02,  6.53898E+01,  2.74537E-03, -4.68402E-01
598,6.19929E-02,  6.32967E+01,  2.75938E-03, -4.66409E-01
599,6.20621E-02,  6.06364E+01,  2.77499E-03, -4.63578E-01
600,6.21314E-02,  5.81160E+01,  2.79061E-03, -4.57206E-01
601,6.22006E-02,  5.60480E+01,  2.80622E-03, -4.54168E-01
602,6.22694E-02,  5.35351E+01,  2.82342E-03, -4.50427E-01
603,6.23382E-02,  5.11563E+01,  2.84063E-03, -4.43516E-01
604,6.24070E-02,  4.91771E+01,  2.85783E-03, -4.39625E-01
605,6.24753E-02,  4.68709E+01,  2.87659E-03, -4.35173E-01
606,6.25437E-02,  4.47038E+01,  2.89536E-03, -4.27922E-01
607,6.26120E-02,  4.29004E+01,  2.91412E-03, -4.23394E-01
608,6.26798E-02,  4.08786E+01,  2.93442E-03, -4.18478E-01
609,6.27477E-02,  3.89959E+01,  2.95471E-03, -4.11226E-01
610,6.28155E-02,  3.73983E+01,  2.97501E-03, -4.06538E-01
611,6.28828E-02,  3.55792E+01,  2.99681E-03, -4.01950E-01
612,6.29502E-02,  3.36658E+01,  3.01861E-03, -3.95804E-01
613,6.30175E-02,  3.17564E+01,  3.04041E-03, -3.91892E-01
614,6.30843E-02,  2.95118E+01,  3.06368E-03, -3.85849E-01
615,6.31510E-02,  2.71899E+01,  3.08695E-03, -3.77350E-01
616,6.32178E-02,  2.50818E+01,  3.11023E-03, -3.70533E-01
617,6.32841E-02,  2.29302E+01,  3.13495E-03, -3.63549E-01
618,6.33503E-02,  2.08847E+01,  3.15966E-03, -3.55351E-01
619,6.34165E-02,  1.90609E+01,  3.18438E-03, -3.48470E-01
620,6.34822E-02,  1.72128E+01,  3.21050E-03, -3.41613E-01
621,6.35478E-02,  1.54519E+01,  3.23662E-03, -3.33879E-01
622,6.36135E-02,  1.38716E+01,  3.26275E-03, -3.27231E-01
623,6.36786E-02,  1.22848E+01,  3.29024E-03, -3.20605E-01
624,6.37437E-02,  1.07688E+01,  3.31774E-03, -3.13449E-01
625,6.38087E-02,  9.39815E+00,  3.34524E-03, -3.07104E-01
626,6.38732E-02,  8.04015E+00,  3.37407E-03, -3.00815E-01
627,6.39377E-02,  6.74440E+00,  3.40291E-03, -2.94259E-01
628,6.40022E-02,  5.56232E+00,  3.43174E-03, -2.88280E-01
629,6.40660E-02,  4.41115E+00,  3.46189E-03, -2.82382E-01
630,6.41299E-02,  3.31786E+00,  3.49204E-03, -2.76437E-01
631,6.41938E-02,  2.30899E+00,  3.52218E-03, -2.70859E-01
632,6.42570E-02,  1.34627E+00,  3.55361E-03, -2.65386E-01
633,6.43203E-02,  4.39169E-01,  3.58503E-03, -2.60044E-01
634,6.43835E-02, -4.10505E-01,  3.61645E-03, -2.54890E-01
635,6.44461E-02, -1.20252E+00,  3.64913E-03, -2.49858E-01
636,6.45087E-02, -1.93994E+00,  3.68181E-03, -2.45100E-01
637,6.45713E-02, -2.64415E+00,  3.71448E-03, -2.40375E-01
638,6.46333E-02, -3.28261E+00,  3.74838E-03, -2.35784E-01
639,6.46952E-02, -3.86696E+00,  3.78228E-03, -2.31582E-01
640,6.47572E-02, -4.43958E+00,  3.81618E-03, -2.27283E-01
641,6.48185E-02, -4.94173E+00,  3.85128E-03, -2.23126E-01
642,6.48798E-02, -5.39024E+00,  3.88638E-03, -2.19444E-01
643,6.49411E-02, -5.84557E+00,  3.92148E-03, -2.15558E-01
644,6.50017E-02, -6.22865E+00,  3.95775E-03, -2.11814E-01
645,6.50623E-02, -6.55882E+00,  3.99402E-03, -2.08610E-01
646,6.51229E-02, -6.91141E+00,  4.03029E-03, -2.05118E-01
647,6.51828E-02, -7.19228E+00,  4.06772E-03, -2.01764E-01
648,6.52427E-02, -7.42121E+00,  4.10514E-03, -1.98993E-01
649,6.53026E-02, -7.68513E+00,  4.14257E-03, -1.95870E-01
650,6.53618E-02, -7.87956E+00,  4.18112E-03, -1.92878E-01
651,6.54210E-02, -8.02328E+00,  4.21967E-03, -1.90495E-01
652,6.54802E-02, -8.21186E+00,  4.25823E-03, -1.87714E-01
653,6.55386E-02, -8.33441E+00,  4.29789E-03, -1.85052E-01
654,6.55971E-02, -8.40776E+00,  4.33755E-03, -1.83012E-01
655,6.56556E-02, -8.53330E+00,  4.37721E-03, -1.80543E-01
656,6.57133E-02, -8.59701E+00,  4.41796E-03, -1.78180E-01
657,6.57710E-02, -8.61315E+00,  4.45871E-03, -1.76440E-01
658,6.58288E-02, -8.68649E+00,  4.49946E-03, -1.74254E-01
659,6.58857E-02, -8.70259E+00,  4.54127E-03, -1.72162E-01
660,6.59427E-02, -8.67286E+00,  4.58309E-03, -1.70681E-01
661,6.59997E-02, -8.70338E+00,  4.62491E-03, -1.68750E-01
662,6.60558E-02, -8.68142E+00,  4.66777E-03, -1.66899E-01
663,6.61120E-02, -8.61550E+00,  4.71064E-03, -1.65642E-01
664,6.61682E-02, -8.61132E+00,  4.75350E-03, -1.63939E-01
665,6.62236E-02, -8.55945E+00,  4.79740E-03, -1.62302E-01
666,6.62790E-02, -8.46563E+00,  4.84129E-03, -1.61237E-01
667,6.63344E-02, -8.43383E+00,  4.88519E-03, -1.59738E-01
668,6.63890E-02, -8.35911E+00,  4.93009E-03, -1.58294E-01
669,6.64436E-02, -8.24464E+00,  4.97500E-03, -1.57394E-01
670,6.64982E-02, -8.19166E+00,  5.01991E-03, -1.56078E-01
671,6.65520E-02, -8.10048E+00,  5.06581E-03, -1.54806E-01
672,6.66058E-02, -7.97201E+00,  5.11170E-03, -1.54048E-01
673,6.66595E-02, -7.90394E+00,  5.15760E-03, -1.52896E-01
674,6.67125E-02, -7.80234E+00,  5.20448E-03, -1.51778E-01
675,6.67654E-02, -7.66608E+00,  5.25135E-03, -1.51141E-01
676,6.68184E-02, -7.58883E+00,  5.29823E-03, -1.50134E-01
677,6.68704E-02, -7.48249E+00,  5.34606E-03, -1.49152E-01
678,6.69225E-02, -7.34421E+00,  5.39389E-03, -1.48620E-01
679,6.69746E-02, -7.26327E+00,  5.44172E-03, -1.47739E-01
680,6.70258E-02, -7.15735E+00,  5.49049E-03, -1.46877E-01
681,6.70770E-02, -7.02204E+00,  5.53926E-03, -1.46432E-01
682,6.71282E-02, -6.94218E+00,  5.58803E-03, -1.45661E-01
683,6.71786E-02, -6.84090E+00,  5.63772E-03, -1.44902E-01
684,6.72289E-02, -6.71244E+00,  5.68741E-03, -1.44528E-01
685,6.72792E-02, -6.63733E+00,  5.73710E-03, -1.43848E-01
686,6.73287E-02, -6.54369E+00,  5.78770E-03, -1.43175E-01
687,6.73781E-02, -6.42461E+00,  5.83829E-03, -1.42858E-01
688,6.74275E-02, -6.35653E+00,  5.88889E-03, -1.42254E-01
689,6.74760E-02, -6.27211E+00,  5.94037E-03, -1.41650E-01
690,6.75245E-02, -6.16345E+00,  5.99185E-03, -1.41375E-01
691,6.75731E-02, -6.10326E+00,  6.04333E-03, -1.40831E-01
692,6.76206E-02, -6.02825E+00,  6.09568E-03, -1.40282E-01
693,6.76682E-02, -5.92967E+00,  6.14803E-03, -1.40038E-01
694,6.77158E-02, -5.87688E+00,  6.20038E-03, -1.39539E-01
695,6.77625E-02, -5.81023E+00,  6.25358E-03, -1.39032E-01
696,6.78091E-02, -5.72024E+00,  6.30678E-03, -1.38808E-01
697,6.78557E-02, -5.67330E+00,  6.35998E-03, -1.38343E-01
698,6.79014E-02, -5.61302E+00,  6.41401E-03, -1.37868E-01
699,6.79471E-02, -5.52933E+00,  6.46804E-03, -1.37656E-01
700,6.79928E-02, -5.48595E+00,  6.52207E-03, -1.37216E-01
701,6.80375E-02, -5.42950E+00,  6.57691E-03, -1.36764E-01
702,6.80822E-02, -5.34939E+00,  6.63176E-03, -1.36559E-01
703,6.81269E-02, -5.30692E+00,  6.68660E-03, -1.36138E-01
704,6.81706E-02, -5.25150E+00,  6.74224E-03, -1.35704E-01
705,6.82143E-02, -5.17219E+00,  6.79788E-03, -1.35502E-01
706,6.82581E-02, -5.12794E+00,  6.85352E-03, -1.35096E-01
707,6.83008E-02, -5.07085E+00,  6.90994E-03, -1.34676E-01
708,6.83435E-02, -4.98972E+00,  6.96635E-03, -1.34474E-01
709,6.83862E-02, -4.94120E+00,  7.02277E-03, -1.34081E-01
710,6.84279E-02, -4.88003E+00,  7.07995E-03, -1.33675E-01
711,6.84696E-02, -4.79488E+00,  7.13712E-03, -1.33474E-01
712,6.85114E-02, -4.73996E+00,  7.19429E-03, -1.33094E-01
713,6.85520E-02, -4.67272E+00,  7.25221E-03, -1.32701E-01
714,6.85927E-02, -4.58179E+00,  7.31012E-03, -1.32501E-01
715,6.86334E-02, -4.51880E+00,  7.36803E-03, -1.32135E-01
716,6.86730E-02, -4.44394E+00,  7.42667E-03, -1.31758E-01
717,6.87127E-02, -4.34595E+00,  7.48530E-03, -1.31561E-01
718,6.87523E-02, -4.27365E+00,  7.54393E-03, -1.31210E-01
719,6.87909E-02, -4.19003E+00,  7.60327E-03, -1.30851E-01
720,6.88295E-02, -4.08408E+00,  7.66260E-03, -1.30659E-01
721,6.88681E-02, -4.00151E+00,  7.72193E-03, -1.30327E-01
722,6.89057E-02, -3.90829E+00,  7.78195E-03, -1.29989E-01
723,6.89432E-02, -3.79378E+00,  7.84196E-03, -1.29806E-01
724,6.89807E-02, -3.70036E+00,  7.90197E-03, -1.29498E-01
725,6.90172E-02, -3.59712E+00,  7.96265E-03, -1.29187E-01
726,6.90537E-02, -3.47404E+00,  8.02332E-03, -1.29019E-01
727,6.90901E-02, -3.36985E+00,  8.08400E-03, -1.28741E-01
728,6.91255E-02, -3.25696E+00,  8.14532E-03, -1.28465E-01
729,6.91609E-02, -3.12613E+00,  8.20663E-03, -1.28319E-01
730,6.91962E-02, -3.01216E+00,  8.26795E-03, -1.28079E-01
731,6.92305E-02, -2.89084E+00,  8.32988E-03, -1.27843E-01
732,6.92648E-02, -2.75388E+00,  8.39182E-03, -1.27725E-01
733,6.92991E-02, -2.63192E+00,  8.45376E-03, -1.27528E-01
734,6.93323E-02, -2.50422E+00,  8.51630E-03, -1.27339E-01
735,6.93655E-02, -2.36354E+00,  8.57884E-03, -1.27254E-01
736,6.93986E-02, -2.23619E+00,  8.64137E-03, -1.27105E-01
737,6.94307E-02, -2.10492E+00,  8.70449E-03, -1.26968E-01
738,6.94628E-02, -1.96365E+00,  8.76761E-03, -1.26921E-01
739,6.94948E-02, -1.83428E+00,  8.83073E-03, -1.26826E-01
740,6.95258E-02, -1.70300E+00,  8.89441E-03, -1.26744E-01
741,6.95567E-02, -1.56497E+00,  8.95809E-03, -1.26739E-01
742,6.95876E-02, -1.43771E+00,  9.02177E-03, -1.26699E-01
743,6.96174E-02, -1.31071E+00,  9.08599E-03, -1.26675E-01
744,6.96472E-02, -1.18037E+00,  9.15020E-03, -1.26715E-01
745,6.96770E-02, -1.06005E+00,  9.21442E-03, -1.26731E-01
746,6.97057E-02, -9.42274E-01,  9.27916E-03, -1.26764E-01
747,6.97343E-02, -8.24673E-01,  9.34390E-03, -1.26847E-01
748,6.97630E-02, -7.16738E-01,  9.40864E-03, -1.26917E-01
749,6.97905E-02, -6.13649E-01,  9.47387E-03, -1.27002E-01
750,6.98180E-02, -5.13921E-01,  9.53911E-03, -1.27120E-01
751,6.98455E-02, -4.23288E-01,  9.60434E-03, -1.27227E-01
752,6.98718E-02, -3.38483E-01,  9.67006E-03, -1.27340E-01
753,6.98982E-02, -2.58045E-01,  9.73577E-03, -1.27469E-01
754,6.99245E-02, -1.84249E-01,  9.80149E-03, -1.27597E-01
755,6.99497E-02, -1.16055E-01,  9.86766E-03, -1.27758E-01
756,6.99748E-02, -5.60221E-02,  9.93383E-03, -1.28000E-01
757,7.00000E-02, -7.29184E-02,  1.00000E-02, -1.28377E-01
758,7.02466E-02, -2.01896E-01,  1.00000E-02, -1.28667E-01
759,7.04994E-02, -3.88562E-01,  1.00000E-02, -1.28962E-01
760,7.07586E-02, -5.98715E-01,  1.00000E-02, -1.29156E-01
761,7.10244E-02, -8.14347E-01,  1.00000E-02, -1.29268E-01
762,7.12969E-02, -1.02425E+00,  1.00000E-02, -1.29327E-01
763,7.15764E-02, -1.22446E+00,  1.00000E-02, -1.29353E-01
764,7.18629E-02, -1.41468E+00,  1.00000E-02, -1.29352E-01
765,7.21567E-02, -1.59624E+00,  1.00000E-02, -1.29331E-01
766,7.24580E-02, -1.77095E+00,  1.00000E-02, -1.29288E-01
767,7.27669E-02, -1.94058E+00,  1.00000E-02, -1.29225E-01
768,7.30837E-02, -2.10657E+00,  1.00000E-02, -1.29137E-01
769,7.34084E-02, -2.27007E+00,  1.00000E-02, -1.29023E-01
770,7.37415E-02, -2.43196E+00,  1.00000E-02, -1.28881E-01
771,7.40829E-02, -2.59292E+00,  1.00000E-02, -1.28708E-01
772,7.44331E-02, -2.75351E+00,  1.00000E-02, -1.28502E-01
773,7.47921E-02, -2.91422E+00,  1.00000E-02, -1.28260E-01
774,7.51602E-02, -3.07552E+00,  1.00000E-02, -1.27980E-01
775,7.55377E-02, -3.23792E+00,  1.00000E-02, -1.27660E-01
776,7.59247E-02, -3.40204E+00,  1.00000E-02, -1.27297E-01
777,7.63216E-02, -3.56868E+00,  1.00000E-02, -1.26890E-01
778,7.67285E-02, -3.73893E+00,  1.00000E-02, -1.26438E-01
779,7.71458E-02, -3.91430E+00,  1.00000E-02, -1.25937E-01
780,7.75736E-02, -4.09692E+00,  1.00000E-02, -1.25387E-01
781,7.80123E-02, -4.28973E+00,  1.00000E-02, -1.24787E-01
782,7.84621E-02, -4.49677E+00,  1.00000E-02, -1.24134E-01
783,7.89234E-02, -4.72340E+00,  1.00000E-02, -1.23427E-01
784,7.93963E-02, -4.97659E+00,  1.00000E-02, -1.22659E-01
785,7.98812E-02, -5.26500E+00,  1.00000E-02, -1.21822E-01
786,8.03785E-02, -5.59894E+00,  1.00000E-02, -1.20900E-01
787,8.08883E-02, -5.98985E+00,  1.00000E-02, -1.19866E-01
788,8.14111E-02, -6.44918E+00,  1.00000E-02, -1.18678E-01
789,8.19472E-02, -6.98651E+00,  1.00000E-02, -1.17269E-01
790,8.24968E-02, -7.60661E+00,  1.00000E-02, -1.15541E-01
791,8.30604E-02, -8.30576E+00,  1.00000E-02, -1.13359E-01
792,8.36383E-02, -9.06775E+00,  1.00000E-02, -1.10546E-01
793,8.42308E-02, -9.86103E+00,  1.00000E-02, -1.06888E-01
794,8.48384E-02, -1.06382E+01,  1.00000E-02, -1.02156E-01
795,8.54614E-02, -1.13391E+01,  1.00000E-02, -9.61328E-02
796,8.61002E-02, -1.18977E+01,  1.00000E-02, -8.86658E-02
797,8.67553E-02, -1.22506E+01,  1.00000E-02, -7.96736E-02
798,8.74269E-02, -1.23469E+01,  1.00000E-02, -6.92454E-02
799,8.81156E-02, -1.21470E+01,  1.00000E-02, -5.76071E-02
800,8.88217E-02, -1.16258E+01,  1.00000E-02, -4.50972E-02
801,8.95458E-02, -1.07844E+01,  1.00000E-02, -3.21534E-02
802,9.02882E-02, -9.65152E+00,  1.00000E-02, -1.92804E-02
803,9.10495E-02, -8.27508E+00,  1.00000E-02, -6.97049E-03
804,9.18300E-02, -6.71705E+00,  1.00000E-02,  4.32863E-03
805,9.26304E-02, -5.04660E+00,  1.00000E-02,  1.42616E-02
806,9.34511E-02, -3.33317E+00,  1.00000E-02,  2.26160E-02
807,9.42926E-02, -1.63926E+00,  1.00000E-02,  2.92634E-02
808,9.51555E-02, -3.57486E-02,  1.00000E-02,  3.42604E-02
809,9.60402E-02,  1.39586E+00,  1.00000E-02,  3.75606E-02
810,9.69474E-02,  2.61141E+00,  1.00000E-02,  3.93317E-02
811,9.78776E-02,  3.60920E+00,  1.00000E-02,  3.99374E-02
812,9.88314E-02,  4.39952E+00,  1.00000E-02,  3.96433E-02
813,9.98094E-02,  4.99832E+00,  1.00000E-02,  3.87365E-02
814,1.00812E-01,  5.42685E+00,  1.00000E-02,  3.74359E-02
815,1.01840E-01,  5.71043E+00,  1.00000E-02,  3.59369E-02
816,1.02895E-01,  5.87592E+00,  1.00000E-02,  3.43710E-02
817,1.03976E-01,  5.95024E+00,  1.00000E-02,  3.28417E-02
818,1.05084E-01,  5.95813E+00,  1.00000E-02,  3.13971E-02
819,1.06221E-01,  5.92066E+00,  1.00000E-02,  3.00807E-02
820,1.07387E-01,  5.85569E+00,  1.00000E-02,  2.89104E-02
821,1.08582E-01,  5.77828E+00,  1.00000E-02,  2.78610E-02
822,1.09807E-01,  5.69957E+00,  1.00000E-02,  2.69089E-02
823,1.11063E-01,  5.62707E+00,  1.00000E-02,  2.60196E-02
824,1.12352E-01,  5.56557E+00,  1.00000E-02,  2.51632E-02
825,1.13673E-01,  5.51765E+00,  1.00000E-02,  2.43087E-02
826,1.15027E-01,  5.48424E+00,  1.00000E-02,  2.34304E-02
827,1.16416E-01,  5.46501E+00,  1.00000E-02,  2.25049E-02
828,1.17840E-01,  5.45893E+00,  1.00000E-02,  2.15137E-02
829,1.19301E-01,  5.46448E+00,  1.00000E-02,  2.04422E-02
830,1.20798E-01,  5.47942E+00,  1.00000E-02,  1.92803E-02
831,1.22333E-01,  5.50130E+00,  1.00000E-02,  1.80221E-02
832,1.23907E-01,  5.52786E+00,  1.00000E-02,  1.66620E-02
833,1.25522E-01,  5.55707E+00,  1.00000E-02,  1.51995E-02
834,1.27177E-01,  5.58725E+00,  1.00000E-02,  1.36327E-02
835,1.28874E-01,  5.61700E+00,  1.00000E-02,  1.19660E-02
836,1.30614E-01,  5.64530E+00,  1.00000E-02,  1.01985E-02
837,1.32398E-01,  5.67143E+00,  1.00000E-02,  8.33821E-03
838,1.34228E-01,  5.69479E+00,  1.00000E-02,  6.38349E-03
839,1.36104E-01,  5.71464E+00,  1.00000E-02,  4.34285E-03
840,1.38028E-01,  5.73022E+00,  1.00000E-02,  2.21605E-03
841,1.40000E-01,  5.73687E+00,  1.00000E-02,  1.32891E-05
