 1,6.86342E-44,  5.83418E+00,  1.00000E-02,  1.20021E+00
 2,1.30767E-03,  5.83495E+00,  1.00000E-02,  1.19864E+00
 3,2.53992E-03,  5.83639E+00,  1.00000E-02,  1.19715E+00
 4,3.70108E-03,  5.83772E+00,  1.00000E-02,  1.19576E+00
 5,4.79527E-03,  5.83907E+00,  1.00000E-02,  1.19444E+00
 6,5.82634E-03,  5.84054E+00,  1.00000E-02,  1.19319E+00
 7,6.79794E-03,  5.84220E+00,  1.00000E-02,  1.19202E+00
 8,7.71349E-03,  5.84408E+00,  1.00000E-02,  1.19092E+00
 9,8.57623E-03,  5.84621E+00,  1.00000E-02,  1.18987E+00
10,9.38921E-03,  5.84862E+00,  1.00000E-02,  1.18889E+00
11,1.01553E-02,  5.85134E+00,  1.00000E-02,  1.18796E+00
12,1.08772E-02,  5.85439E+00,  1.00000E-02,  1.18708E+00
13,1.15574E-02,  5.85777E+00,  1.00000E-02,  1.18625E+00
14,1.21985E-02,  5.86152E+00,  1.00000E-02,  1.18547E+00
15,1.28025E-02,  5.86564E+00,  1.00000E-02,  1.18473E+00
16,1.33717E-02,  5.87017E+00,  1.00000E-02,  1.18403E+00
17,1.39081E-02,  5.87512E+00,  1.00000E-02,  1.18337E+00
18,1.44135E-02,  5.88052E+00,  1.00000E-02,  1.18274E+00
19,1.48898E-02,  5.88642E+00,  1.00000E-02,  1.18215E+00
20,1.53386E-02,  5.89285E+00,  1.00000E-02,  1.18159E+00
21,1.57615E-02,  5.89987E+00,  1.00000E-02,  1.18106E+00
22,1.61600E-02,  5.90754E+00,  1.00000E-02,  1.18056E+00
23,1.65355E-02,  5.91595E+00,  1.00000E-02,  1.18008E+00
24,1.68894E-02,  5.92521E+00,  1.00000E-02,  1.17963E+00
25,1.72228E-02,  5.93543E+00,  1.00000E-02,  1.17921E+00
26,1.75371E-02,  5.94679E+00,  1.00000E-02,  1.17880E+00
27,1.78332E-02,  5.95951E+00,  1.00000E-02,  1.17842E+00
28,1.81122E-02,  5.97387E+00,  1.00000E-02,  1.17805E+00
29,1.83751E-02,  5.99025E+00,  1.00000E-02,  1.17771E+00
30,1.86229E-02,  6.00920E+00,  1.00000E-02,  1.17738E+00
31,1.88563E-02,  6.03147E+00,  1.00000E-02,  1.17707E+00
32,1.90763E-02,  6.05802E+00,  1.00000E-02,  1.17678E+00
33,1.92836E-02,  6.09032E+00,  1.00000E-02,  1.17650E+00
34,1.94790E-02,  6.13417E+00,  1.00000E-02,  1.17627E+00
35,1.96631E-02,  6.21128E+00,  1.00000E-02,  1.17617E+00
36,1.98365E-02,  6.35617E+00,  1.00000E-02,  1.17617E+00
37,2.00000E-02,  6.46229E+00,  1.00000E-02,  1.17491E+00
38,2.00780E-02,  6.36964E+00,  1.00082E-02,  1.17256E+00
39,2.01561E-02,  6.15588E+00,  1.00164E-02,  1.17222E+00
40,2.02341E-02,  5.96287E+00,  1.00246E-02,  1.17259E+00
41,2.03122E-02,  5.81611E+00,  1.00325E-02,  1.17302E+00
42,2.03903E-02,  5.70257E+00,  1.00404E-02,  1.17328E+00
43,2.04683E-02,  5.60911E+00,  1.00483E-02,  1.17346E+00
44,2.05464E-02,  5.52923E+00,  1.00558E-02,  1.17357E+00
45,2.06245E-02,  5.45530E+00,  1.00634E-02,  1.17362E+00
46,2.07026E-02,  5.38569E+00,  1.00710E-02,  1.17370E+00
47,2.07807E-02,  5.32234E+00,  1.00782E-02,  1.17378E+00
48,2.08588E-02,  5.26214E+00,  1.00855E-02,  1.17382E+00
49,2.09370E-02,  5.20508E+00,  1.00927E-02,  1.17389E+00
50,2.10151E-02,  5.15336E+00,  1.00996E-02,  1.17397E+00
51,2.10932E-02,  5.10397E+00,  1.01066E-02,  1.17401E+00
52,2.11714E-02,  5.05686E+00,  1.01135E-02,  1.17408E+00
53,2.12495E-02,  5.01417E+00,  1.01201E-02,  1.17415E+00
54,2.13277E-02,  4.97305E+00,  1.01267E-02,  1.17419E+00
55,2.14059E-02,  4.93355E+00,  1.01333E-02,  1.17425E+00
56,2.14840E-02,  4.89781E+00,  1.01396E-02,  1.17432E+00
57,2.15622E-02,  4.86315E+00,  1.01458E-02,  1.17435E+00
58,2.16404E-02,  4.82965E+00,  1.01521E-02,  1.17441E+00
59,2.17186E-02,  4.79948E+00,  1.01581E-02,  1.17447E+00
60,2.17968E-02,  4.77004E+00,  1.01640E-02,  1.17450E+00
61,2.18750E-02,  4.74145E+00,  1.01700E-02,  1.17455E+00
62,2.19532E-02,  4.71585E+00,  1.01756E-02,  1.17461E+00
63,2.20314E-02,  4.69073E+00,  1.01812E-02,  1.17463E+00
64,2.21097E-02,  4.66624E+00,  1.01869E-02,  1.17468E+00
65,2.21879E-02,  4.64449E+00,  1.01922E-02,  1.17474E+00
66,2.22661E-02,  4.62303E+00,  1.01975E-02,  1.17475E+00
67,2.23444E-02,  4.60202E+00,  1.02028E-02,  1.17480E+00
68,2.24226E-02,  4.58358E+00,  1.02078E-02,  1.17485E+00
69,2.25009E-02,  4.56526E+00,  1.02127E-02,  1.17486E+00
70,2.25791E-02,  4.54728E+00,  1.02177E-02,  1.17491E+00
71,2.26574E-02,  4.53170E+00,  1.02224E-02,  1.17495E+00
72,2.27356E-02,  4.51613E+00,  1.02270E-02,  1.17496E+00
73,2.28139E-02,  4.50080E+00,  1.02317E-02,  1.17500E+00
74,2.28922E-02,  4.48774E+00,  1.02360E-02,  1.17504E+00
75,2.29704E-02,  4.47460E+00,  1.02404E-02,  1.17505E+00
76,2.30487E-02,  4.46162E+00,  1.02447E-02,  1.17509E+00
77,2.31270E-02,  4.45081E+00,  1.02487E-02,  1.17512E+00
78,2.32053E-02,  4.43984E+00,  1.02527E-02,  1.17513E+00
79,2.32836E-02,  4.42896E+00,  1.02568E-02,  1.17516E+00
80,2.33619E-02,  4.42018E+00,  1.02604E-02,  1.17519E+00
81,2.34402E-02,  4.41117E+00,  1.02641E-02,  1.17520E+00
82,2.35185E-02,  4.40220E+00,  1.02678E-02,  1.17523E+00
83,2.35968E-02,  4.39525E+00,  1.02712E-02,  1.17525E+00
84,2.36751E-02,  4.38804E+00,  1.02745E-02,  1.17525E+00
85,2.37534E-02,  4.38081E+00,  1.02779E-02,  1.17528E+00
86,2.38317E-02,  4.37555E+00,  1.02809E-02,  1.17530E+00
87,2.39100E-02,  4.36997E+00,  1.02840E-02,  1.17530E+00
88,2.39883E-02,  4.36436E+00,  1.02870E-02,  1.17532E+00
89,2.40667E-02,  4.36066E+00,  1.02897E-02,  1.17534E+00
90,2.41450E-02,  4.35662E+00,  1.02924E-02,  1.17533E+00
91,2.42233E-02,  4.35250E+00,  1.02952E-02,  1.17535E+00
92,2.43016E-02,  4.35027E+00,  1.02976E-02,  1.17537E+00
93,2.43799E-02,  4.34766E+00,  1.02999E-02,  1.17536E+00
94,2.44583E-02,  4.34495E+00,  1.03023E-02,  1.17537E+00
95,2.45366E-02,  4.34410E+00,  1.03044E-02,  1.17539E+00
96,2.46149E-02,  4.34283E+00,  1.03065E-02,  1.17537E+00
97,2.46932E-02,  4.34144E+00,  1.03085E-02,  1.17538E+00
98,2.47716E-02,  4.34187E+00,  1.03103E-02,  1.17540E+00
99,2.48499E-02,  4.34186E+00,  1.03120E-02,  1.17538E+00
100,2.49282E-02,  4.34170E+00,  1.03138E-02,  1.17539E+00
101,2.50066E-02,  4.34332E+00,  1.03152E-02,  1.17539E+00
102,2.50849E-02,  4.34445E+00,  1.03166E-02,  1.17537E+00
103,2.51632E-02,  4.34543E+00,  1.03180E-02,  1.17538E+00
104,2.52416E-02,  4.34816E+00,  1.03191E-02,  1.17538E+00
105,2.53199E-02,  4.35039E+00,  1.03202E-02,  1.17535E+00
106,2.53982E-02,  4.35244E+00,  1.03213E-02,  1.17536E+00
107,2.54766E-02,  4.35624E+00,  1.03220E-02,  1.17536E+00
108,2.55549E-02,  4.35950E+00,  1.03228E-02,  1.17533E+00
109,2.56332E-02,  4.36257E+00,  1.03236E-02,  1.17533E+00
110,2.57115E-02,  4.36737E+00,  1.03240E-02,  1.17533E+00
111,2.57899E-02,  4.37161E+00,  1.03245E-02,  1.17529E+00
112,2.58682E-02,  4.37565E+00,  1.03249E-02,  1.17529E+00
113,2.59465E-02,  4.38140E+00,  1.03250E-02,  1.17528E+00
114,2.60248E-02,  4.38657E+00,  1.03251E-02,  1.17525E+00
115,2.61032E-02,  4.39153E+00,  1.03253E-02,  1.17524E+00
116,2.61815E-02,  4.39820E+00,  1.03251E-02,  1.17523E+00
117,2.62598E-02,  4.40427E+00,  1.03248E-02,  1.17519E+00
118,2.63381E-02,  4.41012E+00,  1.03246E-02,  1.17518E+00
119,2.64164E-02,  4.41768E+00,  1.03241E-02,  1.17517E+00
120,2.64947E-02,  4.42461E+00,  1.03236E-02,  1.17512E+00
121,2.65730E-02,  4.43132E+00,  1.03231E-02,  1.17511E+00
122,2.66513E-02,  4.43973E+00,  1.03222E-02,  1.17509E+00
123,2.67296E-02,  4.44749E+00,  1.03213E-02,  1.17505E+00
124,2.68079E-02,  4.45503E+00,  1.03205E-02,  1.17503E+00
125,2.68862E-02,  4.46427E+00,  1.03193E-02,  1.17501E+00
126,2.69645E-02,  4.47284E+00,  1.03181E-02,  1.17496E+00
127,2.70428E-02,  4.48118E+00,  1.03170E-02,  1.17494E+00
128,2.71211E-02,  4.49121E+00,  1.03155E-02,  1.17491E+00
129,2.71993E-02,  4.50057E+00,  1.03140E-02,  1.17486E+00
130,2.72776E-02,  4.50968E+00,  1.03125E-02,  1.17483E+00
131,2.73559E-02,  4.52050E+00,  1.03106E-02,  1.17481E+00
132,2.74342E-02,  4.53062E+00,  1.03088E-02,  1.17475E+00
133,2.75124E-02,  4.54049E+00,  1.03070E-02,  1.17472E+00
134,2.75907E-02,  4.55207E+00,  1.03048E-02,  1.17469E+00
135,2.76689E-02,  4.56293E+00,  1.03027E-02,  1.17463E+00
136,2.77472E-02,  4.57355E+00,  1.03005E-02,  1.17460E+00
137,2.78254E-02,  4.58587E+00,  1.02981E-02,  1.17456E+00
138,2.79036E-02,  4.59746E+00,  1.02956E-02,  1.17450E+00
139,2.79819E-02,  4.60880E+00,  1.02931E-02,  1.17446E+00
140,2.80601E-02,  4.62186E+00,  1.02903E-02,  1.17442E+00
141,2.81383E-02,  4.63416E+00,  1.02875E-02,  1.17435E+00
142,2.82165E-02,  4.64621E+00,  1.02848E-02,  1.17431E+00
143,2.82947E-02,  4.65999E+00,  1.02816E-02,  1.17427E+00
144,2.83729E-02,  4.67299E+00,  1.02785E-02,  1.17420E+00
145,2.84511E-02,  4.68573E+00,  1.02754E-02,  1.17415E+00
146,2.85293E-02,  4.70022E+00,  1.02720E-02,  1.17411E+00
147,2.86075E-02,  4.71390E+00,  1.02685E-02,  1.17403E+00
148,2.86857E-02,  4.72733E+00,  1.02651E-02,  1.17398E+00
149,2.87638E-02,  4.74251E+00,  1.02613E-02,  1.17393E+00
150,2.88420E-02,  4.75686E+00,  1.02576E-02,  1.17385E+00
151,2.89201E-02,  4.77096E+00,  1.02538E-02,  1.17380E+00
152,2.89983E-02,  4.78682E+00,  1.02497E-02,  1.17374E+00
153,2.90764E-02,  4.80184E+00,  1.02457E-02,  1.17366E+00
154,2.91546E-02,  4.81660E+00,  1.02416E-02,  1.17360E+00
155,2.92327E-02,  4.83314E+00,  1.02372E-02,  1.17354E+00
156,2.93108E-02,  4.84881E+00,  1.02328E-02,  1.17345E+00
157,2.93889E-02,  4.86422E+00,  1.02284E-02,  1.17339E+00
158,2.94670E-02,  4.88143E+00,  1.02237E-02,  1.17333E+00
159,2.95451E-02,  4.89775E+00,  1.02189E-02,  1.17323E+00
160,2.96232E-02,  4.91379E+00,  1.02142E-02,  1.17317E+00
161,2.97012E-02,  4.93166E+00,  1.02092E-02,  1.17310E+00
162,2.97793E-02,  4.94862E+00,  1.02041E-02,  1.17300E+00
163,2.98573E-02,  4.96531E+00,  1.01991E-02,  1.17293E+00
164,2.99354E-02,  4.98384E+00,  1.01937E-02,  1.17286E+00
165,3.00134E-02,  5.00145E+00,  1.01884E-02,  1.17275E+00
166,3.00914E-02,  5.01878E+00,  1.01830E-02,  1.17268E+00
167,3.01694E-02,  5.03800E+00,  1.01773E-02,  1.17260E+00
168,3.02475E-02,  5.05629E+00,  1.01716E-02,  1.17249E+00
169,3.03255E-02,  5.07433E+00,  1.01660E-02,  1.17241E+00
170,3.04034E-02,  5.09429E+00,  1.01600E-02,  1.17234E+00
171,3.04814E-02,  5.11330E+00,  1.01540E-02,  1.17222E+00
172,3.05594E-02,  5.13207E+00,  1.01480E-02,  1.17214E+00
173,3.06373E-02,  5.15279E+00,  1.01417E-02,  1.17206E+00
174,3.07153E-02,  5.17254E+00,  1.01353E-02,  1.17194E+00
175,3.07932E-02,  5.19204E+00,  1.01290E-02,  1.17185E+00
176,3.08711E-02,  5.21352E+00,  1.01224E-02,  1.17176E+00
177,3.09490E-02,  5.23396E+00,  1.01158E-02,  1.17164E+00
178,3.10269E-02,  5.25413E+00,  1.01091E-02,  1.17155E+00
179,3.11048E-02,  5.27630E+00,  1.01022E-02,  1.17146E+00
180,3.11827E-02,  5.29768E+00,  1.00952E-02,  1.17133E+00
181,3.12605E-02,  5.31929E+00,  1.00883E-02,  1.17125E+00
182,3.13384E-02,  5.34232E+00,  1.00810E-02,  1.17117E+00
183,3.14162E-02,  5.36363E+00,  1.00737E-02,  1.17105E+00
184,3.14941E-02,  5.38500E+00,  1.00665E-02,  1.17096E+00
185,3.15719E-02,  5.40858E+00,  1.00589E-02,  1.17087E+00
186,3.16497E-02,  5.43120E+00,  1.00513E-02,  1.17074E+00
187,3.17275E-02,  5.45369E+00,  1.00437E-02,  1.17065E+00
188,3.18052E-02,  5.47833E+00,  1.00358E-02,  1.17056E+00
189,3.18830E-02,  5.50192E+00,  1.00279E-02,  1.17042E+00
190,3.19607E-02,  5.52536E+00,  1.00200E-02,  1.17032E+00
191,3.20385E-02,  5.55093E+00,  1.00118E-02,  1.17022E+00
192,3.21162E-02,  5.57540E+00,  1.00036E-02,  1.17008E+00
193,3.21939E-02,  5.59969E+00,  9.99537E-03,  1.16997E+00
194,3.22716E-02,  5.62612E+00,  9.98684E-03,  1.16986E+00
195,3.23493E-02,  5.65139E+00,  9.97831E-03,  1.16971E+00
196,3.24269E-02,  5.67649E+00,  9.96978E-03,  1.16960E+00
197,3.25046E-02,  5.70372E+00,  9.96094E-03,  1.16948E+00
198,3.25822E-02,  5.72975E+00,  9.95210E-03,  1.16933E+00
199,3.26599E-02,  5.75561E+00,  9.94326E-03,  1.16921E+00
200,3.27375E-02,  5.78361E+00,  9.93411E-03,  1.16909E+00
201,3.28150E-02,  5.81038E+00,  9.92495E-03,  1.16892E+00
202,3.28926E-02,  5.83697E+00,  9.91580E-03,  1.16880E+00
203,3.29702E-02,  5.86574E+00,  9.90634E-03,  1.16867E+00
204,3.30477E-02,  5.89323E+00,  9.89687E-03,  1.16850E+00
205,3.31253E-02,  5.92055E+00,  9.88740E-03,  1.16837E+00
206,3.32028E-02,  5.95007E+00,  9.87763E-03,  1.16823E+00
207,3.32803E-02,  5.97827E+00,  9.86785E-03,  1.16806E+00
208,3.33578E-02,  6.00633E+00,  9.85807E-03,  1.16792E+00
209,3.34352E-02,  6.03660E+00,  9.84799E-03,  1.16778E+00
210,3.35127E-02,  6.06552E+00,  9.83790E-03,  1.16759E+00
211,3.35902E-02,  6.09431E+00,  9.82781E-03,  1.16745E+00
212,3.36676E-02,  6.12535E+00,  9.81742E-03,  1.16730E+00
213,3.37450E-02,  6.15500E+00,  9.80702E-03,  1.16711E+00
214,3.38224E-02,  6.18453E+00,  9.79663E-03,  1.16696E+00
215,3.38997E-02,  6.21633E+00,  9.78592E-03,  1.16680E+00
216,3.39771E-02,  6.24672E+00,  9.77522E-03,  1.16660E+00
217,3.40544E-02,  6.27701E+00,  9.76451E-03,  1.16644E+00
218,3.41317E-02,  6.30960E+00,  9.75350E-03,  1.16628E+00
219,3.42090E-02,  6.34074E+00,  9.74249E-03,  1.16608E+00
220,3.42863E-02,  6.37180E+00,  9.73148E-03,  1.16591E+00
221,3.43636E-02,  6.40520E+00,  9.72016E-03,  1.16574E+00
222,3.44408E-02,  6.43710E+00,  9.70884E-03,  1.16553E+00
223,3.45181E-02,  6.46895E+00,  9.69752E-03,  1.16536E+00
224,3.45953E-02,  6.50317E+00,  9.68590E-03,  1.16518E+00
225,3.46725E-02,  6.53587E+00,  9.67427E-03,  1.16496E+00
226,3.47497E-02,  6.56852E+00,  9.66265E-03,  1.16478E+00
227,3.48268E-02,  6.60360E+00,  9.65072E-03,  1.16460E+00
228,3.49040E-02,  6.63710E+00,  9.63879E-03,  1.16437E+00
229,3.49811E-02,  6.67058E+00,  9.62686E-03,  1.16418E+00
230,3.50582E-02,  6.70653E+00,  9.61463E-03,  1.16399E+00
231,3.51353E-02,  6.74086E+00,  9.60240E-03,  1.16376E+00
232,3.52123E-02,  6.77520E+00,  9.59017E-03,  1.16356E+00
233,3.52894E-02,  6.81204E+00,  9.57763E-03,  1.16336E+00
234,3.53664E-02,  6.84724E+00,  9.56510E-03,  1.16312E+00
235,3.54434E-02,  6.88245E+00,  9.55256E-03,  1.16292E+00
236,3.55204E-02,  6.92021E+00,  9.53972E-03,  1.16271E+00
237,3.55974E-02,  6.95629E+00,  9.52689E-03,  1.16246E+00
238,3.56743E-02,  6.99241E+00,  9.51405E-03,  1.16225E+00
239,3.57512E-02,  7.03113E+00,  9.50092E-03,  1.16204E+00
240,3.58281E-02,  7.06811E+00,  9.48778E-03,  1.16177E+00
241,3.59050E-02,  7.10517E+00,  9.47464E-03,  1.16156E+00
242,3.59819E-02,  7.14486E+00,  9.46121E-03,  1.16133E+00
243,3.60587E-02,  7.18279E+00,  9.44777E-03,  1.16106E+00
244,3.61356E-02,  7.22081E+00,  9.43434E-03,  1.16084E+00
245,3.62124E-02,  7.26152E+00,  9.42061E-03,  1.16061E+00
246,3.62892E-02,  7.30041E+00,  9.40687E-03,  1.16033E+00
247,3.63659E-02,  7.33943E+00,  9.39314E-03,  1.16009E+00
248,3.64427E-02,  7.38118E+00,  9.37911E-03,  1.15985E+00
249,3.65194E-02,  7.42107E+00,  9.36508E-03,  1.15956E+00
250,3.65961E-02,  7.46112E+00,  9.35105E-03,  1.15932E+00
251,3.66728E-02,  7.50395E+00,  9.33673E-03,  1.15907E+00
252,3.67494E-02,  7.54488E+00,  9.32240E-03,  1.15877E+00
253,3.68261E-02,  7.58599E+00,  9.30808E-03,  1.15852E+00
254,3.69026E-02,  7.62994E+00,  9.29346E-03,  1.15826E+00
255,3.69792E-02,  7.67194E+00,  9.27884E-03,  1.15795E+00
256,3.70558E-02,  7.71415E+00,  9.26422E-03,  1.15769E+00
257,3.71324E-02,  7.75926E+00,  9.24931E-03,  1.15743E+00
258,3.72089E-02,  7.80236E+00,  9.23440E-03,  1.15711E+00
259,3.72854E-02,  7.84571E+00,  9.21949E-03,  1.15683E+00
260,3.73619E-02,  7.89201E+00,  9.20429E-03,  1.15656E+00
261,3.74383E-02,  7.93626E+00,  9.18909E-03,  1.15623E+00
262,3.75148E-02,  7.98078E+00,  9.17389E-03,  1.15595E+00
263,3.75911E-02,  8.02833E+00,  9.15839E-03,  1.15566E+00
264,3.76675E-02,  8.07377E+00,  9.14290E-03,  1.15532E+00
265,3.77439E-02,  8.11951E+00,  9.12741E-03,  1.15503E+00
266,3.78202E-02,  8.16833E+00,  9.11163E-03,  1.15473E+00
267,3.78965E-02,  8.21500E+00,  9.09585E-03,  1.15438E+00
268,3.79729E-02,  8.26201E+00,  9.08007E-03,  1.15408E+00
269,3.80491E-02,  8.31217E+00,  9.06401E-03,  1.15377E+00
270,3.81254E-02,  8.36011E+00,  9.04794E-03,  1.15341E+00
271,3.82016E-02,  8.40843E+00,  9.03188E-03,  1.15309E+00
272,3.82778E-02,  8.45996E+00,  9.01553E-03,  1.15278E+00
273,3.83539E-02,  8.50923E+00,  8.99918E-03,  1.15240E+00
274,3.84301E-02,  8.55891E+00,  8.98283E-03,  1.15207E+00
275,3.85062E-02,  8.61188E+00,  8.96619E-03,  1.15175E+00
276,3.85823E-02,  8.66252E+00,  8.94956E-03,  1.15136E+00
277,3.86584E-02,  8.71361E+00,  8.93293E-03,  1.15102E+00
278,3.87344E-02,  8.76806E+00,  8.91601E-03,  1.15068E+00
279,3.88105E-02,  8.82013E+00,  8.89910E-03,  1.15028E+00
280,3.88865E-02,  8.87269E+00,  8.88218E-03,  1.14993E+00
281,3.89624E-02,  8.92868E+00,  8.86499E-03,  1.14958E+00
282,3.90384E-02,  8.98224E+00,  8.84779E-03,  1.14916E+00
283,3.91143E-02,  9.03633E+00,  8.83060E-03,  1.14880E+00
284,3.91902E-02,  9.09392E+00,  8.81312E-03,  1.14843E+00
285,3.92661E-02,  9.14903E+00,  8.79565E-03,  1.14800E+00
286,3.93420E-02,  9.20470E+00,  8.77818E-03,  1.14763E+00
287,3.94178E-02,  9.26397E+00,  8.76043E-03,  1.14725E+00
288,3.94936E-02,  9.32069E+00,  8.74268E-03,  1.14681E+00
289,3.95694E-02,  9.37801E+00,  8.72493E-03,  1.14642E+00
290,3.96451E-02,  9.43902E+00,  8.70691E-03,  1.14603E+00
291,3.97208E-02,  9.49742E+00,  8.68889E-03,  1.14557E+00
292,3.97965E-02,  9.55648E+00,  8.67087E-03,  1.14517E+00
293,3.98722E-02,  9.61931E+00,  8.65257E-03,  1.14476E+00
294,3.99478E-02,  9.67947E+00,  8.63428E-03,  1.14429E+00
295,4.00235E-02,  9.74033E+00,  8.61598E-03,  1.14387E+00
296,4.00990E-02,  9.80507E+00,  8.59742E-03,  1.14345E+00
297,4.01746E-02,  9.86708E+00,  8.57885E-03,  1.14296E+00
298,4.02501E-02,  9.92983E+00,  8.56029E-03,  1.14253E+00
299,4.03256E-02,  9.99658E+00,  8.54146E-03,  1.14209E+00
300,4.04011E-02,  1.00605E+01,  8.52262E-03,  1.14158E+00
301,4.04766E-02,  1.01253E+01,  8.50379E-03,  1.14114E+00
302,4.05520E-02,  1.01942E+01,  8.48469E-03,  1.14068E+00
303,4.06274E-02,  1.02603E+01,  8.46560E-03,  1.14016E+00
304,4.07028E-02,  1.03272E+01,  8.44650E-03,  1.13970E+00
305,4.07781E-02,  1.03984E+01,  8.42714E-03,  1.13923E+00
306,4.08534E-02,  1.04667E+01,  8.40777E-03,  1.13869E+00
307,4.09288E-02,  1.05359E+01,  8.38841E-03,  1.13821E+00
308,4.10040E-02,  1.06096E+01,  8.36879E-03,  1.13773E+00
309,4.10792E-02,  1.06802E+01,  8.34917E-03,  1.13717E+00
310,4.11545E-02,  1.07520E+01,  8.32954E-03,  1.13668E+00
311,4.12296E-02,  1.08282E+01,  8.30966E-03,  1.13618E+00
312,4.13048E-02,  1.09015E+01,  8.28978E-03,  1.13560E+00
313,4.13800E-02,  1.09759E+01,  8.26990E-03,  1.13509E+00
314,4.14550E-02,  1.10549E+01,  8.24976E-03,  1.13457E+00
315,4.15301E-02,  1.11309E+01,  8.22962E-03,  1.13398E+00
316,4.16052E-02,  1.12081E+01,  8.20948E-03,  1.13345E+00
317,4.16802E-02,  1.12901E+01,  8.18909E-03,  1.13291E+00
318,4.17551E-02,  1.13689E+01,  8.16870E-03,  1.13230E+00
319,4.18301E-02,  1.14490E+01,  8.14830E-03,  1.13175E+00
320,4.19050E-02,  1.15341E+01,  8.12766E-03,  1.13119E+00
321,4.19799E-02,  1.16157E+01,  8.10702E-03,  1.13055E+00
322,4.20549E-02,  1.16986E+01,  8.08637E-03,  1.12998E+00
323,4.21297E-02,  1.17861E+01,  8.06548E-03,  1.12940E+00
324,4.22045E-02,  1.18704E+01,  8.04459E-03,  1.12875E+00
325,4.22793E-02,  1.19579E+01,  8.02369E-03,  1.12818E+00
326,4.23540E-02,  1.20476E+01,  8.00256E-03,  1.12761E+00
327,4.24288E-02,  1.21304E+01,  7.98142E-03,  1.12696E+00
328,4.25035E-02,  1.22154E+01,  7.96028E-03,  1.12636E+00
329,4.25782E-02,  1.23058E+01,  7.93890E-03,  1.12576E+00
330,4.26528E-02,  1.23929E+01,  7.91751E-03,  1.12507E+00
331,4.27275E-02,  1.24815E+01,  7.89613E-03,  1.12445E+00
332,4.28020E-02,  1.25754E+01,  7.87451E-03,  1.12381E+00
333,4.28766E-02,  1.26658E+01,  7.85289E-03,  1.12309E+00
334,4.29511E-02,  1.27576E+01,  7.83126E-03,  1.12245E+00
335,4.30256E-02,  1.28548E+01,  7.80940E-03,  1.12178E+00
336,4.31001E-02,  1.29483E+01,  7.78754E-03,  1.12104E+00
337,4.31746E-02,  1.30433E+01,  7.76568E-03,  1.12036E+00
338,4.32489E-02,  1.31438E+01,  7.74359E-03,  1.11967E+00
339,4.33233E-02,  1.32405E+01,  7.72149E-03,  1.11889E+00
340,4.33977E-02,  1.33387E+01,  7.69940E-03,  1.11819E+00
341,4.34720E-02,  1.34425E+01,  7.67707E-03,  1.11747E+00
342,4.35463E-02,  1.35425E+01,  7.65475E-03,  1.11666E+00
343,4.36206E-02,  1.36440E+01,  7.63242E-03,  1.11593E+00
344,4.36948E-02,  1.37512E+01,  7.60987E-03,  1.11518E+00
345,4.37690E-02,  1.38546E+01,  7.58731E-03,  1.11434E+00
346,4.38433E-02,  1.39597E+01,  7.56476E-03,  1.11358E+00
347,4.39174E-02,  1.40705E+01,  7.54198E-03,  1.11280E+00
348,4.39915E-02,  1.41775E+01,  7.51920E-03,  1.11193E+00
349,4.40656E-02,  1.42861E+01,  7.49642E-03,  1.11113E+00
350,4.41397E-02,  1.44007E+01,  7.47342E-03,  1.11033E+00
351,4.42137E-02,  1.45114E+01,  7.45042E-03,  1.10942E+00
352,4.42877E-02,  1.46239E+01,  7.42742E-03,  1.10860E+00
353,4.43617E-02,  1.47425E+01,  7.40420E-03,  1.10775E+00
354,4.44356E-02,  1.48572E+01,  7.38099E-03,  1.10682E+00
355,4.45096E-02,  1.49736E+01,  7.35777E-03,  1.10596E+00
356,4.45834E-02,  1.50964E+01,  7.33434E-03,  1.10508E+00
357,4.46573E-02,  1.52152E+01,  7.31090E-03,  1.10411E+00
358,4.47312E-02,  1.53359E+01,  7.28747E-03,  1.10321E+00
359,4.48049E-02,  1.54630E+01,  7.26383E-03,  1.10230E+00
360,4.48787E-02,  1.55862E+01,  7.24019E-03,  1.10129E+00
361,4.49525E-02,  1.57113E+01,  7.21655E-03,  1.10035E+00
362,4.50262E-02,  1.58430E+01,  7.19270E-03,  1.09940E+00
363,4.50998E-02,  1.59708E+01,  7.16885E-03,  1.09836E+00
364,4.51735E-02,  1.61006E+01,  7.14501E-03,  1.09738E+00
365,4.52471E-02,  1.62372E+01,  7.12096E-03,  1.09640E+00
366,4.53207E-02,  1.63698E+01,  7.09691E-03,  1.09531E+00
367,4.53943E-02,  1.65045E+01,  7.07286E-03,  1.09429E+00
368,4.54678E-02,  1.66461E+01,  7.04861E-03,  1.09326E+00
369,4.55413E-02,  1.67838E+01,  7.02437E-03,  1.09213E+00
370,4.56148E-02,  1.69237E+01,  7.00012E-03,  1.09108E+00
371,4.56883E-02,  1.70707E+01,  6.97568E-03,  1.09000E+00
372,4.57617E-02,  1.72137E+01,  6.95124E-03,  1.08883E+00
373,4.58351E-02,  1.73591E+01,  6.92680E-03,  1.08773E+00
374,4.59084E-02,  1.75117E+01,  6.90217E-03,  1.08661E+00
375,4.59818E-02,  1.76604E+01,  6.87754E-03,  1.08538E+00
376,4.60551E-02,  1.78114E+01,  6.85291E-03,  1.08424E+00
377,4.61283E-02,  1.79699E+01,  6.82810E-03,  1.08307E+00
378,4.62016E-02,  1.81245E+01,  6.80329E-03,  1.08180E+00
379,4.62748E-02,  1.82817E+01,  6.77848E-03,  1.08060E+00
380,4.63480E-02,  1.84464E+01,  6.75349E-03,  1.07939E+00
381,4.64212E-02,  1.86072E+01,  6.72850E-03,  1.07806E+00
382,4.64943E-02,  1.87707E+01,  6.70351E-03,  1.07681E+00
383,4.65674E-02,  1.89419E+01,  6.67834E-03,  1.07554E+00
384,4.66405E-02,  1.91094E+01,  6.65318E-03,  1.07416E+00
385,4.67136E-02,  1.92796E+01,  6.62801E-03,  1.07286E+00
386,4.67865E-02,  1.94577E+01,  6.60268E-03,  1.07154E+00
387,4.68595E-02,  1.96322E+01,  6.57735E-03,  1.07010E+00
388,4.69325E-02,  1.98094E+01,  6.55202E-03,  1.06874E+00
389,4.70054E-02,  1.99947E+01,  6.52652E-03,  1.06736E+00
390,4.70783E-02,  2.01765E+01,  6.50103E-03,  1.06586E+00
391,4.71512E-02,  2.03612E+01,  6.47553E-03,  1.06444E+00
392,4.72241E-02,  2.05541E+01,  6.44988E-03,  1.06299E+00
393,4.72969E-02,  2.07437E+01,  6.42423E-03,  1.06143E+00
394,4.73697E-02,  2.09362E+01,  6.39858E-03,  1.05995E+00
395,4.74425E-02,  2.11372E+01,  6.37277E-03,  1.05843E+00
396,4.75152E-02,  2.13348E+01,  6.34697E-03,  1.05681E+00
397,4.75879E-02,  2.15356E+01,  6.32117E-03,  1.05525E+00
398,4.76606E-02,  2.17451E+01,  6.29522E-03,  1.05367E+00
399,4.77333E-02,  2.19514E+01,  6.26927E-03,  1.05197E+00
400,4.78059E-02,  2.21609E+01,  6.24333E-03,  1.05035E+00
401,4.78785E-02,  2.23793E+01,  6.21724E-03,  1.04870E+00
402,4.79511E-02,  2.25947E+01,  6.19115E-03,  1.04692E+00
403,4.80237E-02,  2.28135E+01,  6.16507E-03,  1.04522E+00
404,4.80962E-02,  2.30413E+01,  6.13885E-03,  1.04349E+00
405,4.81687E-02,  2.32664E+01,  6.11264E-03,  1.04164E+00
406,4.82412E-02,  2.34949E+01,  6.08642E-03,  1.03986E+00
407,4.83136E-02,  2.37327E+01,  6.06008E-03,  1.03804E+00
408,4.83860E-02,  2.39679E+01,  6.03374E-03,  1.03611E+00
409,4.84584E-02,  2.42069E+01,  6.00739E-03,  1.03424E+00
410,4.85308E-02,  2.44552E+01,  5.98094E-03,  1.03234E+00
411,4.86031E-02,  2.47013E+01,  5.95448E-03,  1.03032E+00
412,4.86755E-02,  2.49513E+01,  5.92802E-03,  1.02836E+00
413,4.87477E-02,  2.52108E+01,  5.90145E-03,  1.02637E+00
414,4.88200E-02,  2.54684E+01,  5.87488E-03,  1.02426E+00
415,4.88923E-02,  2.57299E+01,  5.84832E-03,  1.02220E+00
416,4.89645E-02,  2.60012E+01,  5.82165E-03,  1.02011E+00
417,4.90367E-02,  2.62709E+01,  5.79498E-03,  1.01790E+00
418,4.91089E-02,  2.65447E+01,  5.76831E-03,  1.01575E+00
419,4.91810E-02,  2.68284E+01,  5.74155E-03,  1.01355E+00
420,4.92531E-02,  2.71109E+01,  5.71479E-03,  1.01124E+00
421,4.93253E-02,  2.73977E+01,  5.68802E-03,  1.00898E+00
422,4.93973E-02,  2.76943E+01,  5.66118E-03,  1.00668E+00
423,4.94694E-02,  2.79903E+01,  5.63433E-03,  1.00426E+00
424,4.95414E-02,  2.82908E+01,  5.60749E-03,  1.00188E+00
425,4.96134E-02,  2.86012E+01,  5.58057E-03,  9.99457E-01
426,4.96854E-02,  2.89115E+01,  5.55365E-03,  9.96922E-01
427,4.97574E-02,  2.92265E+01,  5.52672E-03,  9.94420E-01
428,4.98293E-02,  2.95514E+01,  5.49974E-03,  9.91877E-01
429,4.99013E-02,  2.98768E+01,  5.47275E-03,  9.89221E-01
430,4.99732E-02,  3.02071E+01,  5.44577E-03,  9.86589E-01
431,5.00451E-02,  3.05472E+01,  5.41872E-03,  9.83913E-01
432,5.01169E-02,  3.08886E+01,  5.39168E-03,  9.81128E-01
433,5.01888E-02,  3.12351E+01,  5.36464E-03,  9.78358E-01
434,5.02606E-02,  3.15913E+01,  5.33755E-03,  9.75541E-01
435,5.03324E-02,  3.19495E+01,  5.31047E-03,  9.72620E-01
436,5.04042E-02,  3.23132E+01,  5.28338E-03,  9.69702E-01
437,5.04759E-02,  3.26862E+01,  5.25626E-03,  9.66735E-01
438,5.05477E-02,  3.30623E+01,  5.22914E-03,  9.63669E-01
439,5.06194E-02,  3.34440E+01,  5.20202E-03,  9.60593E-01
440,5.06911E-02,  3.38348E+01,  5.17488E-03,  9.57467E-01
441,5.07628E-02,  3.42297E+01,  5.14773E-03,  9.54247E-01
442,5.08345E-02,  3.46304E+01,  5.12059E-03,  9.51003E-01
443,5.09062E-02,  3.50399E+01,  5.09344E-03,  9.47707E-01
444,5.09778E-02,  3.54546E+01,  5.06629E-03,  9.44324E-01
445,5.10494E-02,  3.58755E+01,  5.03913E-03,  9.40901E-01
446,5.11210E-02,  3.63045E+01,  5.01198E-03,  9.37422E-01
447,5.11926E-02,  3.67403E+01,  4.98483E-03,  9.33867E-01
448,5.12642E-02,  3.71824E+01,  4.95768E-03,  9.30253E-01
449,5.13358E-02,  3.76319E+01,  4.93055E-03,  9.26580E-01
450,5.14073E-02,  3.80897E+01,  4.90342E-03,  9.22842E-01
451,5.14788E-02,  3.85542E+01,  4.87628E-03,  9.19023E-01
452,5.15504E-02,  3.90252E+01,  4.84918E-03,  9.15142E-01
453,5.16219E-02,  3.95063E+01,  4.82208E-03,  9.11211E-01
454,5.16934E-02,  3.99943E+01,  4.79497E-03,  9.07173E-01
455,5.17648E-02,  4.04879E+01,  4.76791E-03,  9.03071E-01
456,5.18363E-02,  4.09936E+01,  4.74085E-03,  8.98934E-01
457,5.19078E-02,  4.15066E+01,  4.71380E-03,  8.94663E-01
458,5.19792E-02,  4.20239E+01,  4.68680E-03,  8.90324E-01
459,5.20506E-02,  4.25558E+01,  4.65980E-03,  8.85970E-01
460,5.21221E-02,  4.30956E+01,  4.63280E-03,  8.81449E-01
461,5.21935E-02,  4.36384E+01,  4.60588E-03,  8.76858E-01
462,5.22649E-02,  4.41989E+01,  4.57896E-03,  8.72274E-01
463,5.23363E-02,  4.47684E+01,  4.55205E-03,  8.67489E-01
464,5.24077E-02,  4.53401E+01,  4.52522E-03,  8.62635E-01
465,5.24790E-02,  4.59336E+01,  4.49840E-03,  8.57817E-01
466,5.25504E-02,  4.65382E+01,  4.47157E-03,  8.52764E-01
467,5.26218E-02,  4.71463E+01,  4.44486E-03,  8.47639E-01
468,5.26931E-02,  4.77804E+01,  4.41815E-03,  8.42579E-01
469,5.27645E-02,  4.84236E+01,  4.39144E-03,  8.37140E-01
470,5.28358E-02,  4.90842E+01,  4.36486E-03,  8.31560E-01
471,5.29072E-02,  4.97824E+01,  4.33828E-03,  8.26164E-01
472,5.29785E-02,  5.04797E+01,  4.31170E-03,  8.20482E-01
473,5.30498E-02,  5.11690E+01,  4.28528E-03,  8.14729E-01
474,5.31212E-02,  5.18902E+01,  4.25885E-03,  8.09121E-01
475,5.31925E-02,  5.26224E+01,  4.23243E-03,  8.03112E-01
476,5.32638E-02,  5.33437E+01,  4.20618E-03,  7.97008E-01
477,5.33351E-02,  5.41026E+01,  4.17993E-03,  7.91096E-01
478,5.34065E-02,  5.48737E+01,  4.15368E-03,  7.84710E-01
479,5.34778E-02,  5.56287E+01,  4.12763E-03,  7.78223E-01
480,5.35491E-02,  5.64271E+01,  4.10158E-03,  7.71985E-01
481,5.36204E-02,  5.72385E+01,  4.07552E-03,  7.65195E-01
482,5.36918E-02,  5.80275E+01,  4.04970E-03,  7.58298E-01
483,5.37631E-02,  5.88664E+01,  4.02387E-03,  7.51719E-01
484,5.38344E-02,  5.97196E+01,  3.99804E-03,  7.44501E-01
485,5.39057E-02,  6.05430E+01,  3.97246E-03,  7.37170E-01
486,5.39771E-02,  6.14238E+01,  3.94688E-03,  7.30235E-01
487,5.40484E-02,  6.23206E+01,  3.92130E-03,  7.22565E-01
488,5.41198E-02,  6.31787E+01,  3.89600E-03,  7.14774E-01
489,5.41911E-02,  6.41029E+01,  3.87069E-03,  7.07469E-01
490,5.42625E-02,  6.50449E+01,  3.84539E-03,  6.99320E-01
491,5.43338E-02,  6.59380E+01,  3.82039E-03,  6.91042E-01
492,5.44052E-02,  6.69068E+01,  3.79539E-03,  6.83353E-01
493,5.44766E-02,  6.78960E+01,  3.77039E-03,  6.74699E-01
494,5.45480E-02,  6.88237E+01,  3.74573E-03,  6.65908E-01
495,5.46193E-02,  6.98383E+01,  3.72106E-03,  6.57820E-01
496,5.46907E-02,  7.08761E+01,  3.69640E-03,  6.48634E-01
497,5.47622E-02,  7.18378E+01,  3.67210E-03,  6.39301E-01
498,5.48336E-02,  7.28988E+01,  3.64781E-03,  6.30799E-01
499,5.49050E-02,  7.39866E+01,  3.62351E-03,  6.21056E-01
500,5.49765E-02,  7.49809E+01,  3.59961E-03,  6.11153E-01
501,5.50479E-02,  7.60885E+01,  3.57572E-03,  6.02225E-01
502,5.51194E-02,  7.72270E+01,  3.55183E-03,  5.91898E-01
503,5.51909E-02,  7.82517E+01,  3.52837E-03,  5.81399E-01
504,5.52624E-02,  7.94053E+01,  3.50491E-03,  5.72033E-01
505,5.53339E-02,  8.05950E+01,  3.48146E-03,  5.61097E-01
506,5.54055E-02,  8.16468E+01,  3.45848E-03,  5.49977E-01
507,5.54770E-02,  8.28451E+01,  3.43550E-03,  5.40162E-01
508,5.55486E-02,  8.40855E+01,  3.41252E-03,  5.28595E-01
509,5.56202E-02,  8.51602E+01,  3.39005E-03,  5.16833E-01
510,5.56918E-02,  8.64007E+01,  3.36759E-03,  5.06560E-01
511,5.57634E-02,  8.76906E+01,  3.34513E-03,  4.94343E-01
512,5.58351E-02,  8.87824E+01,  3.32322E-03,  4.81920E-01
513,5.59067E-02,  9.00614E+01,  3.30132E-03,  4.71186E-01
514,5.59784E-02,  9.13985E+01,  3.27941E-03,  4.58304E-01
515,5.60501E-02,  9.25000E+01,  3.25811E-03,  4.45207E-01
516,5.61218E-02,  9.38124E+01,  3.23681E-03,  4.34011E-01
517,5.61936E-02,  9.51931E+01,  3.21551E-03,  4.20455E-01
518,5.62654E-02,  9.62952E+01,  3.19486E-03,  4.06678E-01
519,5.63372E-02,  9.76340E+01,  3.17421E-03,  3.95026E-01
520,5.64089E-02,  9.90532E+01,  3.15356E-03,  3.80792E-01
521,5.64808E-02,  1.00145E+02,  3.13360E-03,  3.66338E-01
522,5.65527E-02,  1.01501E+02,  3.11365E-03,  3.54244E-01
523,5.66245E-02,  1.02952E+02,  3.09370E-03,  3.39337E-01
524,5.66965E-02,  1.04019E+02,  3.07450E-03,  3.24218E-01
525,5.67684E-02,  1.05381E+02,  3.05530E-03,  3.11704E-01
526,5.68403E-02,  1.06855E+02,  3.03610E-03,  2.96139E-01
527,5.69123E-02,  1.07882E+02,  3.01770E-03,  2.80379E-01
528,5.69843E-02,  1.09236E+02,  2.99930E-03,  2.67479E-01
529,5.70564E-02,  1.10722E+02,  2.98090E-03,  2.51284E-01
530,5.71284E-02,  1.11691E+02,  2.96336E-03,  2.34918E-01
531,5.72005E-02,  1.13020E+02,  2.94583E-03,  2.21680E-01
532,5.72726E-02,  1.14504E+02,  2.92829E-03,  2.04894E-01
533,5.73447E-02,  1.15393E+02,  2.91166E-03,  1.87977E-01
534,5.74169E-02,  1.16677E+02,  2.89504E-03,  1.74461E-01
535,5.74890E-02,  1.18143E+02,  2.87841E-03,  1.57141E-01
536,5.75613E-02,  1.18930E+02,  2.86276E-03,  1.39740E-01
537,5.76335E-02,  1.20145E+02,  2.84711E-03,  1.26025E-01
538,5.77057E-02,  1.21575E+02,  2.83146E-03,  1.08245E-01
539,5.77780E-02,  1.22232E+02,  2.81685E-03,  9.04472E-02
540,5.78503E-02,  1.23352E+02,  2.80223E-03,  7.66290E-02
541,5.79225E-02,  1.24724E+02,  2.78761E-03,  5.84810E-02
542,5.79949E-02,  1.25226E+02,  2.77409E-03,  4.03928E-02
543,5.80672E-02,  1.26221E+02,  2.76056E-03,  2.65834E-02
544,5.81396E-02,  1.27511E+02,  2.74704E-03,  8.18080E-03
545,5.82119E-02,  1.27830E+02,  2.73467E-03, -1.00714E-02
546,5.82843E-02,  1.28668E+02,  2.72230E-03, -2.37429E-02
547,5.83567E-02,  1.29850E+02,  2.70993E-03, -4.22662E-02
548,5.84291E-02,  1.29959E+02,  2.69877E-03, -6.05361E-02
549,5.85016E-02,  1.30605E+02,  2.68761E-03, -7.39259E-02
550,5.85740E-02,  1.31652E+02,  2.67646E-03, -9.24155E-02
551,5.86464E-02,  1.31526E+02,  2.66658E-03, -1.10538E-01
552,5.87189E-02,  1.31945E+02,  2.65669E-03, -1.23491E-01
553,5.87913E-02,  1.32830E+02,  2.64681E-03, -1.41773E-01
554,5.88638E-02,  1.32446E+02,  2.63826E-03, -1.59568E-01
555,5.89362E-02,  1.32605E+02,  2.62971E-03, -1.71920E-01
556,5.90087E-02,  1.33301E+02,  2.62116E-03, -1.89807E-01
557,5.90811E-02,  1.32642E+02,  2.61399E-03, -2.07080E-01
558,5.91535E-02,  1.32511E+02,  2.60683E-03, -2.18665E-01
559,5.92260E-02,  1.32994E+02,  2.59967E-03, -2.35957E-01
560,5.92984E-02,  1.32049E+02,  2.59394E-03, -2.52509E-01
561,5.93708E-02,  1.31604E+02,  2.58822E-03, -2.63164E-01
562,5.94432E-02,  1.31852E+02,  2.58249E-03, -2.79657E-01
563,5.95155E-02,  1.30617E+02,  2.57826E-03, -2.95289E-01
564,5.95879E-02,  1.29845E+02,  2.57403E-03, -3.04864E-01
565,5.96602E-02,  1.29842E+02,  2.56979E-03, -3.20359E-01
566,5.97325E-02,  1.28322E+02,  2.56709E-03, -3.34877E-01
567,5.98048E-02,  1.27219E+02,  2.56439E-03, -3.43241E-01
568,5.98770E-02,  1.26955E+02,  2.56169E-03, -3.57547E-01
569,5.99492E-02,  1.25162E+02,  2.56057E-03, -3.70784E-01
570,6.00213E-02,  1.23735E+02,  2.55944E-03, -3.77817E-01
571,6.00935E-02,  1.23200E+02,  2.55831E-03, -3.90758E-01
572,6.01655E-02,  1.21151E+02,  2.55880E-03, -4.02466E-01
573,6.02375E-02,  1.19433E+02,  2.55928E-03, -4.07919E-01
574,6.03095E-02,  1.18658E+02,  2.55976E-03, -4.19145E-01
575,6.03813E-02,  1.16421E+02,  2.56188E-03, -4.29076E-01
576,6.04532E-02,  1.14474E+02,  2.56400E-03, -4.32900E-01
577,6.05250E-02,  1.13472E+02,  2.56612E-03, -4.42368E-01
578,6.05966E-02,  1.11058E+02,  2.56989E-03, -4.50533E-01
579,6.06683E-02,  1.08900E+02,  2.57367E-03, -4.52758E-01
580,6.07399E-02,  1.07661E+02,  2.57744E-03, -4.60449E-01
581,6.08113E-02,  1.05088E+02,  2.58289E-03, -4.66831E-01
582,6.08827E-02,  1.02745E+02,  2.58834E-03, -4.67501E-01
583,6.09541E-02,  1.01277E+02,  2.59379E-03, -4.73405E-01
584,6.10252E-02,  9.85753E+01,  2.60091E-03, -4.78019E-01
585,6.10963E-02,  9.60846E+01,  2.60804E-03, -4.77198E-01
586,6.11674E-02,  9.44099E+01,  2.61516E-03, -4.81345E-01
587,6.12382E-02,  9.16168E+01,  2.62397E-03, -4.84243E-01
588,6.13091E-02,  8.90201E+01,  2.63277E-03, -4.82026E-01
589,6.13799E-02,  8.71709E+01,  2.64158E-03, -4.84484E-01
590,6.14504E-02,  8.43311E+01,  2.65206E-03, -4.85757E-01
591,6.15208E-02,  8.16737E+01,  2.66254E-03, -4.82267E-01
592,6.15913E-02,  7.96904E+01,  2.67302E-03, -4.83143E-01
593,6.16615E-02,  7.68509E+01,  2.68516E-03, -4.82921E-01
594,6.17316E-02,  7.41800E+01,  2.69730E-03, -4.78306E-01
595,6.18017E-02,  7.21095E+01,  2.70945E-03, -4.77742E-01
596,6.18714E-02,  6.93179E+01,  2.72324E-03, -4.76189E-01
597,6.19411E-02,  6.66817E+01,  2.73703E-03, -4.70618E-01
598,6.20109E-02,  6.45750E+01,  2.75082E-03, -4.68784E-01
599,6.20802E-02,  6.18790E+01,  2.76624E-03, -4.66085E-01
600,6.21495E-02,  5.93273E+01,  2.78166E-03, -4.59745E-01
601,6.22188E-02,  5.72401E+01,  2.79708E-03, -4.56827E-01
602,6.22876E-02,  5.46894E+01,  2.81411E-03, -4.53181E-01
603,6.23565E-02,  5.22768E+01,  2.83113E-03, -4.46270E-01
604,6.24253E-02,  5.02745E+01,  2.84815E-03, -4.42463E-01
605,6.24937E-02,  4.79305E+01,  2.86675E-03, -4.38074E-01
606,6.25621E-02,  4.57293E+01,  2.88536E-03, -4.30793E-01
607,6.26305E-02,  4.39022E+01,  2.90396E-03, -4.26319E-01
608,6.26984E-02,  4.18463E+01,  2.92411E-03, -4.21435E-01
609,6.27663E-02,  3.99346E+01,  2.94426E-03, -4.14131E-01
610,6.28341E-02,  3.83183E+01,  2.96441E-03, -4.09468E-01
611,6.29015E-02,  3.64737E+01,  2.98607E-03, -4.04902E-01
612,6.29689E-02,  3.45333E+01,  3.00774E-03, -3.98720E-01
613,6.30362E-02,  3.25981E+01,  3.02941E-03, -3.94888E-01
614,6.31031E-02,  3.03161E+01,  3.05257E-03, -3.88861E-01
615,6.31699E-02,  2.79527E+01,  3.07573E-03, -3.80263E-01
616,6.32367E-02,  2.58082E+01,  3.09889E-03, -3.73415E-01
617,6.33030E-02,  2.36149E+01,  3.12351E-03, -3.66386E-01
618,6.33693E-02,  2.15293E+01,  3.14812E-03, -3.58090E-01
619,6.34355E-02,  1.96720E+01,  3.17274E-03, -3.51159E-01
620,6.35012E-02,  1.77859E+01,  3.19877E-03, -3.44248E-01
621,6.35669E-02,  1.59882E+01,  3.22481E-03, -3.36413E-01
622,6.36326E-02,  1.43770E+01,  3.25085E-03, -3.29708E-01
623,6.36977E-02,  1.27559E+01,  3.27827E-03, -3.23019E-01
624,6.37628E-02,  1.12064E+01,  3.30570E-03, -3.15766E-01
625,6.38279E-02,  9.80760E+00,  3.33312E-03, -3.09358E-01
626,6.38924E-02,  8.41901E+00,  3.36190E-03, -3.03003E-01
627,6.39569E-02,  7.09341E+00,  3.39068E-03, -2.96356E-01
628,6.40215E-02,  5.88600E+00,  3.41945E-03, -2.90312E-01
629,6.40853E-02,  4.70807E+00,  3.44955E-03, -2.84347E-01
630,6.41492E-02,  3.58874E+00,  3.47965E-03, -2.78317E-01
631,6.42131E-02,  2.55753E+00,  3.50975E-03, -2.72676E-01
632,6.42764E-02,  1.57188E+00,  3.54114E-03, -2.67139E-01
633,6.43396E-02,  6.42630E-01,  3.57253E-03, -2.61720E-01
634,6.44029E-02, -2.26341E-01,  3.60392E-03, -2.56504E-01
635,6.44655E-02, -1.03762E+00,  3.63657E-03, -2.51410E-01
636,6.45281E-02, -1.79345E+00,  3.66923E-03, -2.46585E-01
637,6.45908E-02, -2.51405E+00,  3.70188E-03, -2.41802E-01
638,6.46527E-02, -3.16837E+00,  3.73577E-03, -2.37154E-01
639,6.47147E-02, -3.76763E+00,  3.76965E-03, -2.32893E-01
640,6.47766E-02, -4.35391E+00,  3.80354E-03, -2.28541E-01
641,6.48379E-02, -4.86881E+00,  3.83864E-03, -2.24332E-01
642,6.48992E-02, -5.32899E+00,  3.87374E-03, -2.20599E-01
643,6.49605E-02, -5.79545E+00,  3.90883E-03, -2.16665E-01
644,6.50211E-02, -6.18853E+00,  3.94511E-03, -2.12876E-01
645,6.50817E-02, -6.52752E+00,  3.98140E-03, -2.09629E-01
646,6.51423E-02, -6.88897E+00,  4.01768E-03, -2.06094E-01
647,6.52022E-02, -7.17746E+00,  4.05512E-03, -2.02699E-01
648,6.52621E-02, -7.41277E+00,  4.09256E-03, -1.99894E-01
649,6.53219E-02, -7.68359E+00,  4.13000E-03, -1.96733E-01
650,6.53811E-02, -7.88361E+00,  4.16858E-03, -1.93706E-01
651,6.54403E-02, -8.03166E+00,  4.20716E-03, -1.91296E-01
652,6.54995E-02, -8.22546E+00,  4.24575E-03, -1.88481E-01
653,6.55579E-02, -8.35196E+00,  4.28544E-03, -1.85789E-01
654,6.56164E-02, -8.42798E+00,  4.32514E-03, -1.83727E-01
655,6.56748E-02, -8.55735E+00,  4.36484E-03, -1.81230E-01
656,6.57325E-02, -8.62368E+00,  4.40563E-03, -1.78841E-01
657,6.57902E-02, -8.64117E+00,  4.44642E-03, -1.77084E-01
658,6.58479E-02, -8.71722E+00,  4.48722E-03, -1.74874E-01
659,6.59048E-02, -8.73490E+00,  4.52909E-03, -1.72760E-01
660,6.59617E-02, -8.70551E+00,  4.57096E-03, -1.71267E-01
661,6.60186E-02, -8.73784E+00,  4.61283E-03, -1.69315E-01
662,6.60748E-02, -8.71667E+00,  4.65575E-03, -1.67445E-01
663,6.61309E-02, -8.65032E+00,  4.69868E-03, -1.66179E-01
664,6.61871E-02, -8.64724E+00,  4.74160E-03, -1.64459E-01
665,6.62424E-02, -8.59556E+00,  4.78557E-03, -1.62807E-01
666,6.62978E-02, -8.50075E+00,  4.82953E-03, -1.61735E-01
667,6.63531E-02, -8.46950E+00,  4.87349E-03, -1.60222E-01
668,6.64076E-02, -8.39453E+00,  4.91847E-03, -1.58765E-01
669,6.64622E-02, -8.27869E+00,  4.96346E-03, -1.57861E-01
670,6.65167E-02, -8.22585E+00,  5.00844E-03, -1.56533E-01
671,6.65704E-02, -8.13411E+00,  5.05442E-03, -1.55250E-01
672,6.66241E-02, -8.00404E+00,  5.10040E-03, -1.54490E-01
673,6.66778E-02, -7.93582E+00,  5.14638E-03, -1.53328E-01
674,6.67307E-02, -7.83347E+00,  5.19334E-03, -1.52201E-01
675,6.67835E-02, -7.69550E+00,  5.24030E-03, -1.51563E-01
676,6.68364E-02, -7.61792E+00,  5.28727E-03, -1.50548E-01
677,6.68884E-02, -7.51076E+00,  5.33519E-03, -1.49559E-01
678,6.69404E-02, -7.37076E+00,  5.38312E-03, -1.49026E-01
679,6.69924E-02, -7.28943E+00,  5.43104E-03, -1.48139E-01
680,6.70435E-02, -7.18269E+00,  5.47991E-03, -1.47272E-01
681,6.70946E-02, -7.04574E+00,  5.52878E-03, -1.46827E-01
682,6.71457E-02, -6.96549E+00,  5.57766E-03, -1.46050E-01
683,6.71959E-02, -6.86346E+00,  5.62745E-03, -1.45286E-01
684,6.72461E-02, -6.73351E+00,  5.67725E-03, -1.44913E-01
685,6.72964E-02, -6.65806E+00,  5.72705E-03, -1.44230E-01
686,6.73457E-02, -6.56378E+00,  5.77775E-03, -1.43553E-01
687,6.73950E-02, -6.44336E+00,  5.82846E-03, -1.43236E-01
688,6.74443E-02, -6.37502E+00,  5.87917E-03, -1.42629E-01
689,6.74927E-02, -6.29009E+00,  5.93076E-03, -1.42022E-01
690,6.75411E-02, -6.18025E+00,  5.98236E-03, -1.41748E-01
691,6.75895E-02, -6.11987E+00,  6.03396E-03, -1.41201E-01
692,6.76369E-02, -6.04444E+00,  6.08643E-03, -1.40649E-01
693,6.76844E-02, -5.94480E+00,  6.13890E-03, -1.40406E-01
694,6.77318E-02, -5.89187E+00,  6.19137E-03, -1.39904E-01
695,6.77783E-02, -5.82488E+00,  6.24469E-03, -1.39395E-01
696,6.78248E-02, -5.73391E+00,  6.29802E-03, -1.39172E-01
697,6.78713E-02, -5.68684E+00,  6.35134E-03, -1.38704E-01
698,6.79168E-02, -5.62624E+00,  6.40550E-03, -1.38227E-01
699,6.79624E-02, -5.54162E+00,  6.45966E-03, -1.38016E-01
700,6.80079E-02, -5.49809E+00,  6.51382E-03, -1.37574E-01
701,6.80524E-02, -5.44130E+00,  6.56880E-03, -1.37119E-01
702,6.80970E-02, -5.36026E+00,  6.62378E-03, -1.36915E-01
703,6.81415E-02, -5.31759E+00,  6.67875E-03, -1.36492E-01
704,6.81851E-02, -5.26178E+00,  6.73453E-03, -1.36056E-01
705,6.82286E-02, -5.18150E+00,  6.79030E-03, -1.35854E-01
706,6.82721E-02, -5.13696E+00,  6.84608E-03, -1.35446E-01
707,6.83147E-02, -5.07941E+00,  6.90264E-03, -1.35024E-01
708,6.83572E-02, -4.99728E+00,  6.95919E-03, -1.34823E-01
709,6.83997E-02, -4.94837E+00,  7.01575E-03, -1.34428E-01
710,6.84413E-02, -4.88666E+00,  7.07306E-03, -1.34021E-01
711,6.84828E-02, -4.80045E+00,  7.13038E-03, -1.33820E-01
712,6.85243E-02, -4.74505E+00,  7.18770E-03, -1.33438E-01
713,6.85648E-02, -4.67719E+00,  7.24575E-03, -1.33044E-01
714,6.86052E-02, -4.58516E+00,  7.30381E-03, -1.32845E-01
715,6.86457E-02, -4.52160E+00,  7.36187E-03, -1.32477E-01
716,6.86851E-02, -4.44604E+00,  7.42065E-03, -1.32099E-01
717,6.87246E-02, -4.34692E+00,  7.47942E-03, -1.31903E-01
718,6.87640E-02, -4.27396E+00,  7.53820E-03, -1.31551E-01
719,6.88024E-02, -4.18959E+00,  7.59768E-03, -1.31191E-01
720,6.88407E-02, -4.08249E+00,  7.65717E-03, -1.31000E-01
721,6.88791E-02, -3.99920E+00,  7.71665E-03, -1.30668E-01
722,6.89164E-02, -3.90519E+00,  7.77681E-03, -1.30329E-01
723,6.89537E-02, -3.78955E+00,  7.83697E-03, -1.30147E-01
724,6.89910E-02, -3.69537E+00,  7.89713E-03, -1.29839E-01
725,6.90272E-02, -3.59133E+00,  7.95796E-03, -1.29528E-01
726,6.90634E-02, -3.46716E+00,  8.01878E-03, -1.29362E-01
727,6.90996E-02, -3.36222E+00,  8.07961E-03, -1.29085E-01
728,6.91347E-02, -3.24857E+00,  8.14107E-03, -1.28809E-01
729,6.91698E-02, -3.11674E+00,  8.20254E-03, -1.28665E-01
730,6.92049E-02, -3.00207E+00,  8.26401E-03, -1.28425E-01
731,6.92389E-02, -2.88008E+00,  8.32609E-03, -1.28191E-01
732,6.92730E-02, -2.74228E+00,  8.38818E-03, -1.28075E-01
733,6.93070E-02, -2.61974E+00,  8.45027E-03, -1.27879E-01
734,6.93399E-02, -2.49151E+00,  8.51296E-03, -1.27692E-01
735,6.93727E-02, -2.35020E+00,  8.57565E-03, -1.27609E-01
736,6.94056E-02, -2.22244E+00,  8.63833E-03, -1.27462E-01
737,6.94374E-02, -2.09083E+00,  8.70160E-03, -1.27327E-01
738,6.94692E-02, -1.94918E+00,  8.76487E-03, -1.27282E-01
739,6.95009E-02, -1.81963E+00,  8.82814E-03, -1.27189E-01
740,6.95316E-02, -1.68827E+00,  8.89197E-03, -1.27109E-01
741,6.95622E-02, -1.55015E+00,  8.95579E-03, -1.27107E-01
742,6.95928E-02, -1.42298E+00,  9.01962E-03, -1.27069E-01
743,6.96223E-02, -1.29618E+00,  9.08399E-03, -1.27047E-01
744,6.96518E-02, -1.16609E+00,  9.14835E-03, -1.27088E-01
745,6.96812E-02, -1.04614E+00,  9.21272E-03, -1.27107E-01
746,6.97096E-02, -9.28853E-01,  9.27760E-03, -1.27142E-01
747,6.97379E-02, -8.11813E-01,  9.34248E-03, -1.27226E-01
748,6.97662E-02, -7.04523E-01,  9.40737E-03, -1.27297E-01
749,6.97934E-02, -6.02163E-01,  9.47275E-03, -1.27383E-01
750,6.98205E-02, -5.03238E-01,  9.53813E-03, -1.27502E-01
751,6.98477E-02, -4.13473E-01,  9.60351E-03, -1.27610E-01
752,6.98737E-02, -3.29652E-01,  9.66936E-03, -1.27724E-01
753,6.98996E-02, -2.50372E-01,  9.73522E-03, -1.27854E-01
754,6.99256E-02, -1.77942E-01,  9.80107E-03, -1.27983E-01
755,6.99504E-02, -1.11354E-01,  9.86738E-03, -1.28144E-01
756,6.99752E-02, -5.29600E-02,  9.93369E-03, -1.28378E-01
757,7.00000E-02, -7.01055E-02,  1.00000E-02, -1.28737E-01
758,7.02466E-02, -1.96948E-01,  1.00000E-02, -1.29024E-01
759,7.04994E-02, -3.80941E-01,  1.00000E-02, -1.29321E-01
760,7.07586E-02, -5.89349E-01,  1.00000E-02, -1.29517E-01
761,7.10244E-02, -8.03902E-01,  1.00000E-02, -1.29631E-01
762,7.12969E-02, -1.01320E+00,  1.00000E-02, -1.29693E-01
763,7.15764E-02, -1.21310E+00,  1.00000E-02, -1.29720E-01
764,7.18629E-02, -1.40317E+00,  1.00000E-02, -1.29722E-01
765,7.21567E-02, -1.58468E+00,  1.00000E-02, -1.29702E-01
766,7.24580E-02, -1.75938E+00,  1.00000E-02, -1.29662E-01
767,7.27669E-02, -1.92902E+00,  1.00000E-02, -1.29600E-01
768,7.30837E-02, -2.09503E+00,  1.00000E-02, -1.29515E-01
769,7.34084E-02, -2.25856E+00,  1.00000E-02, -1.29403E-01
770,7.37415E-02, -2.42048E+00,  1.00000E-02, -1.29264E-01
771,7.40829E-02, -2.58148E+00,  1.00000E-02, -1.29093E-01
772,7.44331E-02, -2.74211E+00,  1.00000E-02, -1.28890E-01
773,7.47921E-02, -2.90284E+00,  1.00000E-02, -1.28651E-01
774,7.51602E-02, -3.06415E+00,  1.00000E-02, -1.28374E-01
775,7.55377E-02, -3.22653E+00,  1.00000E-02, -1.28058E-01
776,7.59247E-02, -3.39058E+00,  1.00000E-02, -1.27699E-01
777,7.63216E-02, -3.55709E+00,  1.00000E-02, -1.27295E-01
778,7.67285E-02, -3.72711E+00,  1.00000E-02, -1.26846E-01
779,7.71458E-02, -3.90212E+00,  1.00000E-02, -1.26349E-01
780,7.75736E-02, -4.08419E+00,  1.00000E-02, -1.25804E-01
781,7.80123E-02, -4.27620E+00,  1.00000E-02, -1.25207E-01
782,7.84621E-02, -4.48213E+00,  1.00000E-02, -1.24559E-01
783,7.89234E-02, -4.70727E+00,  1.00000E-02, -1.23856E-01
784,7.93963E-02, -4.95851E+00,  1.00000E-02, -1.23094E-01
785,7.98812E-02, -5.24447E+00,  1.00000E-02, -1.22264E-01
786,8.03785E-02, -5.57545E+00,  1.00000E-02, -1.21351E-01
787,8.08883E-02, -5.96296E+00,  1.00000E-02, -1.20330E-01
788,8.14111E-02, -6.41867E+00,  1.00000E-02, -1.19157E-01
789,8.19472E-02, -6.95252E+00,  1.00000E-02, -1.17770E-01
790,8.24968E-02, -7.56987E+00,  1.00000E-02, -1.16072E-01
791,8.30604E-02, -8.26776E+00,  1.00000E-02, -1.13928E-01
792,8.36383E-02, -9.03089E+00,  1.00000E-02, -1.11164E-01
793,8.42308E-02, -9.82853E+00,  1.00000E-02, -1.07564E-01
794,8.48384E-02, -1.06138E+01,  1.00000E-02, -1.02899E-01
795,8.54614E-02, -1.13266E+01,  1.00000E-02, -9.69451E-02
796,8.61002E-02, -1.19001E+01,  1.00000E-02, -8.95436E-02
797,8.67553E-02, -1.22701E+01,  1.00000E-02, -8.06057E-02
798,8.74269E-02, -1.23843E+01,  1.00000E-02, -7.02105E-02
799,8.81156E-02, -1.22023E+01,  1.00000E-02, -5.85788E-02
800,8.88217E-02, -1.16976E+01,  1.00000E-02, -4.60471E-02
801,8.95458E-02, -1.08695E+01,  1.00000E-02, -3.30521E-02
802,9.02882E-02, -9.74587E+00,  1.00000E-02, -2.01014E-02
803,9.10495E-02, -8.37435E+00,  1.00000E-02, -7.69527E-03
804,9.18300E-02, -6.81684E+00,  1.00000E-02,  3.71484E-03
805,9.26304E-02, -5.14297E+00,  1.00000E-02,  1.37600E-02
806,9.34511E-02, -3.42318E+00,  1.00000E-02,  2.22240E-02
807,9.42926E-02, -1.72047E+00,  1.00000E-02,  2.89705E-02
808,9.51555E-02, -1.05297E-01,  1.00000E-02,  3.40574E-02
809,9.60402E-02,  1.33998E+00,  1.00000E-02,  3.74392E-02
810,9.69474E-02,  2.56870E+00,  1.00000E-02,  3.92666E-02
811,9.78776E-02,  3.57800E+00,  1.00000E-02,  3.99125E-02
812,9.88314E-02,  4.37819E+00,  1.00000E-02,  3.96419E-02
813,9.98094E-02,  4.98517E+00,  1.00000E-02,  3.87476E-02
814,1.00812E-01,  5.42018E+00,  1.00000E-02,  3.74501E-02
815,1.01840E-01,  5.70862E+00,  1.00000E-02,  3.59488E-02
816,1.02895E-01,  5.87754E+00,  1.00000E-02,  3.43767E-02
817,1.03976E-01,  5.95404E+00,  1.00000E-02,  3.28401E-02
818,1.05084E-01,  5.96311E+00,  1.00000E-02,  3.13877E-02
819,1.06221E-01,  5.92608E+00,  1.00000E-02,  3.00639E-02
820,1.07387E-01,  5.86101E+00,  1.00000E-02,  2.88877E-02
821,1.08582E-01,  5.78311E+00,  1.00000E-02,  2.78342E-02
822,1.09807E-01,  5.70369E+00,  1.00000E-02,  2.68794E-02
823,1.11063E-01,  5.63039E+00,  1.00000E-02,  2.59890E-02
824,1.12352E-01,  5.56808E+00,  1.00000E-02,  2.51326E-02
825,1.13673E-01,  5.51940E+00,  1.00000E-02,  2.42792E-02
826,1.15027E-01,  5.48531E+00,  1.00000E-02,  2.34026E-02
827,1.16416E-01,  5.46550E+00,  1.00000E-02,  2.24793E-02
828,1.17840E-01,  5.45896E+00,  1.00000E-02,  2.14908E-02
829,1.19301E-01,  5.46414E+00,  1.00000E-02,  2.04220E-02
830,1.20798E-01,  5.47884E+00,  1.00000E-02,  1.92627E-02
831,1.22333E-01,  5.50056E+00,  1.00000E-02,  1.80072E-02
832,1.23907E-01,  5.52704E+00,  1.00000E-02,  1.66495E-02
833,1.25522E-01,  5.55624E+00,  1.00000E-02,  1.51893E-02
834,1.27177E-01,  5.58644E+00,  1.00000E-02,  1.36245E-02
835,1.28874E-01,  5.61626E+00,  1.00000E-02,  1.19595E-02
836,1.30614E-01,  5.64464E+00,  1.00000E-02,  1.01937E-02
837,1.32398E-01,  5.67085E+00,  1.00000E-02,  8.33468E-03
838,1.34228E-01,  5.69429E+00,  1.00000E-02,  6.38107E-03
839,1.36104E-01,  5.71421E+00,  1.00000E-02,  4.34137E-03
840,1.38028E-01,  5.72984E+00,  1.00000E-02,  2.21535E-03
841,1.40000E-01,  5.73651E+00,  1.00000E-02,  1.32896E-05
