 1,7.04549E-44,  5.83426E+00,  1.00000E-02,  1.19968E+00
 2,1.30767E-03,  5.83511E+00,  1.00000E-02,  1.19811E+00
 3,2.53992E-03,  5.83670E+00,  1.00000E-02,  1.19663E+00
 4,3.70108E-03,  5.83815E+00,  1.00000E-02,  1.19523E+00
 5,4.79527E-03,  5.83963E+00,  1.00000E-02,  1.19391E+00
 6,5.82634E-03,  5.84125E+00,  1.00000E-02,  1.19267E+00
 7,6.79794E-03,  5.84307E+00,  1.00000E-02,  1.19149E+00
 8,7.71349E-03,  5.84513E+00,  1.00000E-02,  1.19039E+00
 9,8.57623E-03,  5.84747E+00,  1.00000E-02,  1.18934E+00
10,9.38921E-03,  5.85012E+00,  1.00000E-02,  1.18836E+00
11,1.01553E-02,  5.85310E+00,  1.00000E-02,  1.18743E+00
12,1.08772E-02,  5.85644E+00,  1.00000E-02,  1.18655E+00
13,1.15574E-02,  5.86014E+00,  1.00000E-02,  1.18572E+00
14,1.21985E-02,  5.86424E+00,  1.00000E-02,  1.18493E+00
15,1.28025E-02,  5.86875E+00,  1.00000E-02,  1.18419E+00
16,1.33717E-02,  5.87370E+00,  1.00000E-02,  1.18349E+00
17,1.39081E-02,  5.87910E+00,  1.00000E-02,  1.18283E+00
18,1.44135E-02,  5.88499E+00,  1.00000E-02,  1.18220E+00
19,1.48898E-02,  5.89140E+00,  1.00000E-02,  1.18161E+00
20,1.53386E-02,  5.89837E+00,  1.00000E-02,  1.18105E+00
21,1.57615E-02,  5.90597E+00,  1.00000E-02,  1.18051E+00
22,1.61600E-02,  5.91425E+00,  1.00000E-02,  1.18001E+00
23,1.65355E-02,  5.92331E+00,  1.00000E-02,  1.17953E+00
24,1.68894E-02,  5.93324E+00,  1.00000E-02,  1.17908E+00
25,1.72228E-02,  5.94418E+00,  1.00000E-02,  1.17865E+00
26,1.75371E-02,  5.95631E+00,  1.00000E-02,  1.17824E+00
27,1.78332E-02,  5.96983E+00,  1.00000E-02,  1.17786E+00
28,1.81122E-02,  5.98506E+00,  1.00000E-02,  1.17749E+00
29,1.83751E-02,  6.00238E+00,  1.00000E-02,  1.17714E+00
30,1.86229E-02,  6.02235E+00,  1.00000E-02,  1.17681E+00
31,1.88563E-02,  6.04573E+00,  1.00000E-02,  1.17650E+00
32,1.90763E-02,  6.07353E+00,  1.00000E-02,  1.17621E+00
33,1.92836E-02,  6.10726E+00,  1.00000E-02,  1.17593E+00
34,1.94790E-02,  6.15289E+00,  1.00000E-02,  1.17569E+00
35,1.96631E-02,  6.23281E+00,  1.00000E-02,  1.17559E+00
36,1.98365E-02,  6.38254E+00,  1.00000E-02,  1.17560E+00
37,2.00000E-02,  6.49233E+00,  1.00000E-02,  1.17430E+00
38,2.00781E-02,  6.39727E+00,  1.00084E-02,  1.17188E+00
39,2.01561E-02,  6.17734E+00,  1.00169E-02,  1.17153E+00
40,2.02342E-02,  5.97877E+00,  1.00253E-02,  1.17193E+00
41,2.03123E-02,  5.82777E+00,  1.00334E-02,  1.17237E+00
42,2.03904E-02,  5.71103E+00,  1.00415E-02,  1.17264E+00
43,2.04685E-02,  5.61500E+00,  1.00496E-02,  1.17283E+00
44,2.05466E-02,  5.53290E+00,  1.00574E-02,  1.17294E+00
45,2.06247E-02,  5.45697E+00,  1.00652E-02,  1.17299E+00
46,2.07028E-02,  5.38550E+00,  1.00730E-02,  1.17308E+00
47,2.07809E-02,  5.32042E+00,  1.00805E-02,  1.17316E+00
48,2.08591E-02,  5.25861E+00,  1.00880E-02,  1.17320E+00
49,2.09372E-02,  5.20002E+00,  1.00954E-02,  1.17328E+00
50,2.10154E-02,  5.14688E+00,  1.01026E-02,  1.17336E+00
51,2.10936E-02,  5.09617E+00,  1.01097E-02,  1.17340E+00
52,2.11717E-02,  5.04780E+00,  1.01169E-02,  1.17348E+00
53,2.12499E-02,  5.00393E+00,  1.01237E-02,  1.17355E+00
54,2.13281E-02,  4.96170E+00,  1.01305E-02,  1.17359E+00
55,2.14063E-02,  4.92113E+00,  1.01373E-02,  1.17366E+00
56,2.14845E-02,  4.88438E+00,  1.01438E-02,  1.17373E+00
57,2.15627E-02,  4.84876E+00,  1.01503E-02,  1.17376E+00
58,2.16409E-02,  4.81434E+00,  1.01568E-02,  1.17383E+00
59,2.17191E-02,  4.78329E+00,  1.01630E-02,  1.17389E+00
60,2.17973E-02,  4.75301E+00,  1.01691E-02,  1.17392E+00
61,2.18756E-02,  4.72360E+00,  1.01753E-02,  1.17398E+00
62,2.19538E-02,  4.69723E+00,  1.01812E-02,  1.17404E+00
63,2.20321E-02,  4.67136E+00,  1.01870E-02,  1.17406E+00
64,2.21103E-02,  4.64614E+00,  1.01928E-02,  1.17412E+00
65,2.21886E-02,  4.62370E+00,  1.01984E-02,  1.17417E+00
66,2.22668E-02,  4.60156E+00,  1.02039E-02,  1.17420E+00
67,2.23451E-02,  4.57991E+00,  1.02094E-02,  1.17425E+00
68,2.24234E-02,  4.56082E+00,  1.02146E-02,  1.17430E+00
69,2.25017E-02,  4.54190E+00,  1.02198E-02,  1.17431E+00
70,2.25799E-02,  4.52332E+00,  1.02250E-02,  1.17436E+00
71,2.26582E-02,  4.50716E+00,  1.02299E-02,  1.17441E+00
72,2.27365E-02,  4.49104E+00,  1.02347E-02,  1.17442E+00
73,2.28148E-02,  4.47516E+00,  1.02396E-02,  1.17447E+00
74,2.28931E-02,  4.46157E+00,  1.02441E-02,  1.17451E+00
75,2.29714E-02,  4.44792E+00,  1.02487E-02,  1.17452E+00
76,2.30497E-02,  4.43443E+00,  1.02532E-02,  1.17456E+00
77,2.31281E-02,  4.42312E+00,  1.02574E-02,  1.17460E+00
78,2.32064E-02,  4.41168E+00,  1.02617E-02,  1.17460E+00
79,2.32847E-02,  4.40033E+00,  1.02659E-02,  1.17464E+00
80,2.33630E-02,  4.39107E+00,  1.02698E-02,  1.17467E+00
81,2.34414E-02,  4.38162E+00,  1.02737E-02,  1.17468E+00
82,2.35197E-02,  4.37221E+00,  1.02775E-02,  1.17471E+00
83,2.35980E-02,  4.36482E+00,  1.02811E-02,  1.17474E+00
84,2.36764E-02,  4.35718E+00,  1.02847E-02,  1.17474E+00
85,2.37547E-02,  4.34953E+00,  1.02882E-02,  1.17477E+00
86,2.38331E-02,  4.34385E+00,  1.02915E-02,  1.17480E+00
87,2.39114E-02,  4.33787E+00,  1.02947E-02,  1.17480E+00
88,2.39898E-02,  4.33185E+00,  1.02980E-02,  1.17482E+00
89,2.40681E-02,  4.32775E+00,  1.03009E-02,  1.17485E+00
90,2.41465E-02,  4.32332E+00,  1.03038E-02,  1.17484E+00
91,2.42248E-02,  4.31881E+00,  1.03067E-02,  1.17486E+00
92,2.43032E-02,  4.31619E+00,  1.03093E-02,  1.17488E+00
93,2.43816E-02,  4.31321E+00,  1.03119E-02,  1.17487E+00
94,2.44599E-02,  4.31012E+00,  1.03144E-02,  1.17489E+00
95,2.45383E-02,  4.30889E+00,  1.03167E-02,  1.17491E+00
96,2.46167E-02,  4.30726E+00,  1.03190E-02,  1.17489E+00
97,2.46950E-02,  4.30551E+00,  1.03212E-02,  1.17491E+00
98,2.47734E-02,  4.30558E+00,  1.03232E-02,  1.17492E+00
99,2.48518E-02,  4.30522E+00,  1.03251E-02,  1.17491E+00
100,2.49301E-02,  4.30472E+00,  1.03270E-02,  1.17492E+00
101,2.50085E-02,  4.30600E+00,  1.03286E-02,  1.17493E+00
102,2.50869E-02,  4.30681E+00,  1.03302E-02,  1.17491E+00
103,2.51652E-02,  4.30746E+00,  1.03318E-02,  1.17492E+00
104,2.52436E-02,  4.30987E+00,  1.03331E-02,  1.17492E+00
105,2.53220E-02,  4.31178E+00,  1.03344E-02,  1.17490E+00
106,2.54004E-02,  4.31351E+00,  1.03357E-02,  1.17490E+00
107,2.54787E-02,  4.31698E+00,  1.03366E-02,  1.17491E+00
108,2.55571E-02,  4.31994E+00,  1.03376E-02,  1.17488E+00
109,2.56355E-02,  4.32270E+00,  1.03385E-02,  1.17488E+00
110,2.57138E-02,  4.32719E+00,  1.03392E-02,  1.17488E+00
111,2.57922E-02,  4.33113E+00,  1.03398E-02,  1.17485E+00
112,2.58706E-02,  4.33487E+00,  1.03404E-02,  1.17485E+00
113,2.59489E-02,  4.34031E+00,  1.03407E-02,  1.17485E+00
114,2.60273E-02,  4.34519E+00,  1.03410E-02,  1.17481E+00
115,2.61057E-02,  4.34986E+00,  1.03413E-02,  1.17481E+00
116,2.61840E-02,  4.35623E+00,  1.03413E-02,  1.17480E+00
117,2.62624E-02,  4.36201E+00,  1.03413E-02,  1.17476E+00
118,2.63408E-02,  4.36758E+00,  1.03412E-02,  1.17476E+00
119,2.64191E-02,  4.37484E+00,  1.03409E-02,  1.17475E+00
120,2.64975E-02,  4.38149E+00,  1.03405E-02,  1.17470E+00
121,2.65758E-02,  4.38791E+00,  1.03402E-02,  1.17469E+00
122,2.66542E-02,  4.39603E+00,  1.03395E-02,  1.17468E+00
123,2.67325E-02,  4.40352E+00,  1.03388E-02,  1.17464E+00
124,2.68108E-02,  4.41077E+00,  1.03381E-02,  1.17462E+00
125,2.68892E-02,  4.41972E+00,  1.03371E-02,  1.17460E+00
126,2.69675E-02,  4.42802E+00,  1.03361E-02,  1.17456E+00
127,2.70459E-02,  4.43609E+00,  1.03351E-02,  1.17454E+00
128,2.71242E-02,  4.44584E+00,  1.03338E-02,  1.17452E+00
129,2.72025E-02,  4.45492E+00,  1.03325E-02,  1.17446E+00
130,2.72808E-02,  4.46377E+00,  1.03311E-02,  1.17444E+00
131,2.73591E-02,  4.47430E+00,  1.03295E-02,  1.17442E+00
132,2.74375E-02,  4.48415E+00,  1.03278E-02,  1.17436E+00
133,2.75158E-02,  4.49375E+00,  1.03262E-02,  1.17434E+00
134,2.75941E-02,  4.50506E+00,  1.03242E-02,  1.17431E+00
135,2.76724E-02,  4.51565E+00,  1.03222E-02,  1.17425E+00
136,2.77507E-02,  4.52599E+00,  1.03202E-02,  1.17422E+00
137,2.78289E-02,  4.53804E+00,  1.03179E-02,  1.17419E+00
138,2.79072E-02,  4.54936E+00,  1.03156E-02,  1.17413E+00
139,2.79855E-02,  4.56043E+00,  1.03133E-02,  1.17409E+00
140,2.80638E-02,  4.57321E+00,  1.03107E-02,  1.17406E+00
141,2.81420E-02,  4.58525E+00,  1.03080E-02,  1.17399E+00
142,2.82203E-02,  4.59703E+00,  1.03054E-02,  1.17395E+00
143,2.82986E-02,  4.61053E+00,  1.03025E-02,  1.17391E+00
144,2.83768E-02,  4.62326E+00,  1.02995E-02,  1.17384E+00
145,2.84551E-02,  4.63573E+00,  1.02965E-02,  1.17380E+00
146,2.85333E-02,  4.64994E+00,  1.02933E-02,  1.17376E+00
147,2.86115E-02,  4.66335E+00,  1.02900E-02,  1.17368E+00
148,2.86898E-02,  4.67651E+00,  1.02867E-02,  1.17364E+00
149,2.87680E-02,  4.69141E+00,  1.02831E-02,  1.17359E+00
150,2.88462E-02,  4.70549E+00,  1.02795E-02,  1.17351E+00
151,2.89244E-02,  4.71932E+00,  1.02759E-02,  1.17346E+00
152,2.90026E-02,  4.73490E+00,  1.02720E-02,  1.17341E+00
153,2.90808E-02,  4.74965E+00,  1.02680E-02,  1.17333E+00
154,2.91590E-02,  4.76414E+00,  1.02641E-02,  1.17327E+00
155,2.92371E-02,  4.78040E+00,  1.02599E-02,  1.17322E+00
156,2.93153E-02,  4.79580E+00,  1.02556E-02,  1.17313E+00
157,2.93935E-02,  4.81093E+00,  1.02514E-02,  1.17307E+00
158,2.94716E-02,  4.82786E+00,  1.02468E-02,  1.17301E+00
159,2.95497E-02,  4.84390E+00,  1.02422E-02,  1.17292E+00
160,2.96279E-02,  4.85968E+00,  1.02377E-02,  1.17286E+00
161,2.97060E-02,  4.87726E+00,  1.02328E-02,  1.17279E+00
162,2.97841E-02,  4.89394E+00,  1.02279E-02,  1.17270E+00
163,2.98622E-02,  4.91036E+00,  1.02230E-02,  1.17263E+00
164,2.99403E-02,  4.92860E+00,  1.02178E-02,  1.17256E+00
165,3.00184E-02,  4.94593E+00,  1.02125E-02,  1.17246E+00
166,3.00965E-02,  4.96299E+00,  1.02073E-02,  1.17239E+00
167,3.01745E-02,  4.98192E+00,  1.02018E-02,  1.17232E+00
168,3.02526E-02,  4.99993E+00,  1.01962E-02,  1.17221E+00
169,3.03307E-02,  5.01769E+00,  1.01907E-02,  1.17213E+00
170,3.04087E-02,  5.03736E+00,  1.01848E-02,  1.17206E+00
171,3.04867E-02,  5.05609E+00,  1.01790E-02,  1.17194E+00
172,3.05647E-02,  5.07457E+00,  1.01731E-02,  1.17187E+00
173,3.06427E-02,  5.09500E+00,  1.01669E-02,  1.17179E+00
174,3.07207E-02,  5.11446E+00,  1.01608E-02,  1.17167E+00
175,3.07987E-02,  5.13367E+00,  1.01546E-02,  1.17159E+00
176,3.08767E-02,  5.15485E+00,  1.01481E-02,  1.17150E+00
177,3.09547E-02,  5.17500E+00,  1.01416E-02,  1.17138E+00
178,3.10326E-02,  5.19488E+00,  1.01351E-02,  1.17130E+00
179,3.11106E-02,  5.21674E+00,  1.01283E-02,  1.17121E+00
180,3.11885E-02,  5.23783E+00,  1.01215E-02,  1.17109E+00
181,3.12664E-02,  5.25914E+00,  1.01146E-02,  1.17101E+00
182,3.13443E-02,  5.28187E+00,  1.01075E-02,  1.17093E+00
183,3.14222E-02,  5.30291E+00,  1.01004E-02,  1.17081E+00
184,3.15001E-02,  5.32399E+00,  1.00932E-02,  1.17073E+00
185,3.15779E-02,  5.34728E+00,  1.00858E-02,  1.17064E+00
186,3.16558E-02,  5.36962E+00,  1.00783E-02,  1.17052E+00
187,3.17337E-02,  5.39182E+00,  1.00709E-02,  1.17043E+00
188,3.18115E-02,  5.41616E+00,  1.00631E-02,  1.17034E+00
189,3.18893E-02,  5.43947E+00,  1.00553E-02,  1.17020E+00
190,3.19671E-02,  5.46262E+00,  1.00475E-02,  1.17011E+00
191,3.20449E-02,  5.48788E+00,  1.00394E-02,  1.17001E+00
192,3.21227E-02,  5.51206E+00,  1.00314E-02,  1.16987E+00
193,3.22005E-02,  5.53606E+00,  1.00233E-02,  1.16977E+00
194,3.22782E-02,  5.56218E+00,  1.00149E-02,  1.16966E+00
195,3.23559E-02,  5.58716E+00,  1.00065E-02,  1.16951E+00
196,3.24337E-02,  5.61195E+00,  9.99804E-03,  1.16941E+00
197,3.25114E-02,  5.63887E+00,  9.98932E-03,  1.16929E+00
198,3.25891E-02,  5.66460E+00,  9.98060E-03,  1.16914E+00
199,3.26668E-02,  5.69015E+00,  9.97188E-03,  1.16903E+00
200,3.27444E-02,  5.71784E+00,  9.96284E-03,  1.16891E+00
201,3.28221E-02,  5.74430E+00,  9.95380E-03,  1.16875E+00
202,3.28997E-02,  5.77059E+00,  9.94476E-03,  1.16863E+00
203,3.29773E-02,  5.79903E+00,  9.93541E-03,  1.16850E+00
204,3.30549E-02,  5.82621E+00,  9.92606E-03,  1.16834E+00
205,3.31325E-02,  5.85323E+00,  9.91671E-03,  1.16821E+00
206,3.32101E-02,  5.88241E+00,  9.90704E-03,  1.16808E+00
207,3.32877E-02,  5.91030E+00,  9.89738E-03,  1.16790E+00
208,3.33652E-02,  5.93804E+00,  9.88771E-03,  1.16777E+00
209,3.34427E-02,  5.96797E+00,  9.87774E-03,  1.16763E+00
210,3.35202E-02,  5.99658E+00,  9.86776E-03,  1.16745E+00
211,3.35978E-02,  6.02504E+00,  9.85778E-03,  1.16731E+00
212,3.36752E-02,  6.05573E+00,  9.84749E-03,  1.16717E+00
213,3.37527E-02,  6.08506E+00,  9.83720E-03,  1.16698E+00
214,3.38301E-02,  6.11426E+00,  9.82691E-03,  1.16683E+00
215,3.39076E-02,  6.14572E+00,  9.81631E-03,  1.16668E+00
216,3.39850E-02,  6.17577E+00,  9.80571E-03,  1.16649E+00
217,3.40624E-02,  6.20572E+00,  9.79511E-03,  1.16633E+00
218,3.41397E-02,  6.23796E+00,  9.78420E-03,  1.16618E+00
219,3.42171E-02,  6.26876E+00,  9.77329E-03,  1.16597E+00
220,3.42945E-02,  6.29947E+00,  9.76238E-03,  1.16581E+00
221,3.43718E-02,  6.33251E+00,  9.75116E-03,  1.16565E+00
222,3.44491E-02,  6.36407E+00,  9.73994E-03,  1.16544E+00
223,3.45264E-02,  6.39556E+00,  9.72872E-03,  1.16527E+00
224,3.46037E-02,  6.42941E+00,  9.71720E-03,  1.16510E+00
225,3.46809E-02,  6.46176E+00,  9.70567E-03,  1.16488E+00
226,3.47582E-02,  6.49405E+00,  9.69414E-03,  1.16471E+00
227,3.48354E-02,  6.52874E+00,  9.68231E-03,  1.16453E+00
228,3.49126E-02,  6.56189E+00,  9.67047E-03,  1.16431E+00
229,3.49898E-02,  6.59500E+00,  9.65864E-03,  1.16412E+00
230,3.50669E-02,  6.63056E+00,  9.64650E-03,  1.16394E+00
231,3.51441E-02,  6.66452E+00,  9.63436E-03,  1.16370E+00
232,3.52212E-02,  6.69848E+00,  9.62222E-03,  1.16352E+00
233,3.52983E-02,  6.73492E+00,  9.60977E-03,  1.16332E+00
234,3.53754E-02,  6.76974E+00,  9.59733E-03,  1.16308E+00
235,3.54525E-02,  6.80457E+00,  9.58488E-03,  1.16288E+00
236,3.55295E-02,  6.84192E+00,  9.57213E-03,  1.16268E+00
237,3.56065E-02,  6.87761E+00,  9.55938E-03,  1.16243E+00
238,3.56835E-02,  6.91334E+00,  9.54663E-03,  1.16223E+00
239,3.57605E-02,  6.95163E+00,  9.53358E-03,  1.16202E+00
240,3.58375E-02,  6.98822E+00,  9.52053E-03,  1.16176E+00
241,3.59144E-02,  7.02487E+00,  9.50748E-03,  1.16155E+00
242,3.59913E-02,  7.06414E+00,  9.49412E-03,  1.16133E+00
243,3.60682E-02,  7.10165E+00,  9.48077E-03,  1.16107E+00
244,3.61452E-02,  7.13926E+00,  9.46742E-03,  1.16085E+00
245,3.62220E-02,  7.17953E+00,  9.45376E-03,  1.16062E+00
246,3.62988E-02,  7.21800E+00,  9.44011E-03,  1.16034E+00
247,3.63757E-02,  7.25659E+00,  9.42645E-03,  1.16012E+00
248,3.64525E-02,  7.29789E+00,  9.41250E-03,  1.15988E+00
249,3.65292E-02,  7.33735E+00,  9.39855E-03,  1.15960E+00
250,3.66060E-02,  7.37696E+00,  9.38460E-03,  1.15936E+00
251,3.66827E-02,  7.41933E+00,  9.37035E-03,  1.15912E+00
252,3.67594E-02,  7.45981E+00,  9.35610E-03,  1.15882E+00
253,3.68362E-02,  7.50047E+00,  9.34185E-03,  1.15857E+00
254,3.69128E-02,  7.54395E+00,  9.32730E-03,  1.15832E+00
255,3.69895E-02,  7.58549E+00,  9.31275E-03,  1.15802E+00
256,3.70661E-02,  7.62723E+00,  9.29820E-03,  1.15776E+00
257,3.71427E-02,  7.67185E+00,  9.28336E-03,  1.15750E+00
258,3.72193E-02,  7.71449E+00,  9.26852E-03,  1.15719E+00
259,3.72959E-02,  7.75736E+00,  9.25368E-03,  1.15692E+00
260,3.73724E-02,  7.80316E+00,  9.23854E-03,  1.15665E+00
261,3.74489E-02,  7.84693E+00,  9.22341E-03,  1.15633E+00
262,3.75254E-02,  7.89096E+00,  9.20827E-03,  1.15605E+00
263,3.76018E-02,  7.93799E+00,  9.19285E-03,  1.15577E+00
264,3.76783E-02,  7.98293E+00,  9.17742E-03,  1.15543E+00
265,3.77547E-02,  8.02816E+00,  9.16199E-03,  1.15515E+00
266,3.78311E-02,  8.07646E+00,  9.14627E-03,  1.15486E+00
267,3.79075E-02,  8.12261E+00,  9.13056E-03,  1.15451E+00
268,3.79839E-02,  8.16910E+00,  9.11484E-03,  1.15422E+00
269,3.80602E-02,  8.21871E+00,  9.09883E-03,  1.15391E+00
270,3.81365E-02,  8.26612E+00,  9.08282E-03,  1.15356E+00
271,3.82128E-02,  8.31390E+00,  9.06682E-03,  1.15325E+00
272,3.82890E-02,  8.36488E+00,  9.05052E-03,  1.15294E+00
273,3.83652E-02,  8.41360E+00,  9.03423E-03,  1.15257E+00
274,3.84415E-02,  8.46272E+00,  9.01793E-03,  1.15225E+00
275,3.85176E-02,  8.51511E+00,  9.00135E-03,  1.15193E+00
276,3.85938E-02,  8.56519E+00,  8.98477E-03,  1.15154E+00
277,3.86699E-02,  8.61571E+00,  8.96819E-03,  1.15121E+00
278,3.87460E-02,  8.66956E+00,  8.95133E-03,  1.15088E+00
279,3.88221E-02,  8.72105E+00,  8.93447E-03,  1.15048E+00
280,3.88982E-02,  8.77302E+00,  8.91760E-03,  1.15014E+00
281,3.89742E-02,  8.82840E+00,  8.90045E-03,  1.14979E+00
282,3.90502E-02,  8.88136E+00,  8.88331E-03,  1.14939E+00
283,3.91262E-02,  8.93483E+00,  8.86616E-03,  1.14903E+00
284,3.92021E-02,  8.99179E+00,  8.84873E-03,  1.14867E+00
285,3.92781E-02,  9.04628E+00,  8.83131E-03,  1.14825E+00
286,3.93540E-02,  9.10132E+00,  8.81388E-03,  1.14788E+00
287,3.94298E-02,  9.15993E+00,  8.79618E-03,  1.14751E+00
288,3.95057E-02,  9.21601E+00,  8.77847E-03,  1.14707E+00
289,3.95816E-02,  9.27268E+00,  8.76076E-03,  1.14669E+00
290,3.96573E-02,  9.33302E+00,  8.74278E-03,  1.14631E+00
291,3.97331E-02,  9.39075E+00,  8.72480E-03,  1.14586E+00
292,3.98089E-02,  9.44913E+00,  8.70682E-03,  1.14546E+00
293,3.98846E-02,  9.51127E+00,  8.68856E-03,  1.14506E+00
294,3.99603E-02,  9.57074E+00,  8.67030E-03,  1.14460E+00
295,4.00360E-02,  9.63091E+00,  8.65205E-03,  1.14419E+00
296,4.01116E-02,  9.69492E+00,  8.63352E-03,  1.14377E+00
297,4.01872E-02,  9.75622E+00,  8.61499E-03,  1.14329E+00
298,4.02628E-02,  9.81826E+00,  8.59646E-03,  1.14287E+00
299,4.03384E-02,  9.88425E+00,  8.57766E-03,  1.14244E+00
300,4.04139E-02,  9.94746E+00,  8.55885E-03,  1.14194E+00
301,4.04895E-02,  1.00115E+01,  8.54005E-03,  1.14150E+00
302,4.05649E-02,  1.00796E+01,  8.52099E-03,  1.14106E+00
303,4.06404E-02,  1.01449E+01,  8.50192E-03,  1.14054E+00
304,4.07158E-02,  1.02110E+01,  8.48285E-03,  1.14009E+00
305,4.07912E-02,  1.02814E+01,  8.46351E-03,  1.13963E+00
306,4.08666E-02,  1.03489E+01,  8.44418E-03,  1.13910E+00
307,4.09419E-02,  1.04173E+01,  8.42484E-03,  1.13863E+00
308,4.10172E-02,  1.04901E+01,  8.40524E-03,  1.13815E+00
309,4.10925E-02,  1.05600E+01,  8.38564E-03,  1.13760E+00
310,4.11678E-02,  1.06309E+01,  8.36604E-03,  1.13712E+00
311,4.12430E-02,  1.07063E+01,  8.34618E-03,  1.13662E+00
312,4.13182E-02,  1.07786E+01,  8.32632E-03,  1.13606E+00
313,4.13935E-02,  1.08521E+01,  8.30646E-03,  1.13556E+00
314,4.14686E-02,  1.09303E+01,  8.28634E-03,  1.13505E+00
315,4.15437E-02,  1.10054E+01,  8.26622E-03,  1.13446E+00
316,4.16188E-02,  1.10816E+01,  8.24610E-03,  1.13394E+00
317,4.16939E-02,  1.11627E+01,  8.22572E-03,  1.13341E+00
318,4.17689E-02,  1.12406E+01,  8.20535E-03,  1.13281E+00
319,4.18439E-02,  1.13198E+01,  8.18497E-03,  1.13227E+00
320,4.19189E-02,  1.14038E+01,  8.16434E-03,  1.13172E+00
321,4.19939E-02,  1.14845E+01,  8.14371E-03,  1.13109E+00
322,4.20688E-02,  1.15664E+01,  8.12308E-03,  1.13053E+00
323,4.21437E-02,  1.16529E+01,  8.10219E-03,  1.12996E+00
324,4.22186E-02,  1.17362E+01,  8.08131E-03,  1.12932E+00
325,4.22934E-02,  1.18227E+01,  8.06043E-03,  1.12876E+00
326,4.23682E-02,  1.19114E+01,  8.03930E-03,  1.12820E+00
327,4.24430E-02,  1.19931E+01,  8.01816E-03,  1.12756E+00
328,4.25178E-02,  1.20771E+01,  7.99703E-03,  1.12697E+00
329,4.25925E-02,  1.21665E+01,  7.97565E-03,  1.12638E+00
330,4.26672E-02,  1.22525E+01,  7.95428E-03,  1.12570E+00
331,4.27419E-02,  1.23400E+01,  7.93290E-03,  1.12509E+00
332,4.28165E-02,  1.24328E+01,  7.91128E-03,  1.12447E+00
333,4.28911E-02,  1.25221E+01,  7.88966E-03,  1.12376E+00
334,4.29657E-02,  1.26128E+01,  7.86803E-03,  1.12312E+00
335,4.30402E-02,  1.27089E+01,  7.84617E-03,  1.12247E+00
336,4.31147E-02,  1.28013E+01,  7.82431E-03,  1.12173E+00
337,4.31893E-02,  1.28952E+01,  7.80245E-03,  1.12107E+00
338,4.32637E-02,  1.29944E+01,  7.78035E-03,  1.12039E+00
339,4.33381E-02,  1.30900E+01,  7.75825E-03,  1.11963E+00
340,4.34126E-02,  1.31870E+01,  7.73615E-03,  1.11893E+00
341,4.34869E-02,  1.32896E+01,  7.71382E-03,  1.11823E+00
342,4.35613E-02,  1.33883E+01,  7.69148E-03,  1.11743E+00
343,4.36356E-02,  1.34887E+01,  7.66915E-03,  1.11671E+00
344,4.37099E-02,  1.35946E+01,  7.64659E-03,  1.11598E+00
345,4.37841E-02,  1.36968E+01,  7.62402E-03,  1.11515E+00
346,4.38584E-02,  1.38005E+01,  7.60146E-03,  1.11440E+00
347,4.39325E-02,  1.39100E+01,  7.57867E-03,  1.11363E+00
348,4.40067E-02,  1.40157E+01,  7.55587E-03,  1.11278E+00
349,4.40809E-02,  1.41230E+01,  7.53308E-03,  1.11200E+00
350,4.41550E-02,  1.42363E+01,  7.51007E-03,  1.11120E+00
351,4.42290E-02,  1.43457E+01,  7.48705E-03,  1.11031E+00
352,4.43031E-02,  1.44568E+01,  7.46403E-03,  1.10950E+00
353,4.43771E-02,  1.45739E+01,  7.44080E-03,  1.10867E+00
354,4.44511E-02,  1.46872E+01,  7.41756E-03,  1.10775E+00
355,4.45251E-02,  1.48022E+01,  7.39432E-03,  1.10690E+00
356,4.45990E-02,  1.49235E+01,  7.37087E-03,  1.10604E+00
357,4.46729E-02,  1.50409E+01,  7.34742E-03,  1.10508E+00
358,4.47468E-02,  1.51601E+01,  7.32396E-03,  1.10420E+00
359,4.48206E-02,  1.52857E+01,  7.30030E-03,  1.10330E+00
360,4.48944E-02,  1.54073E+01,  7.27663E-03,  1.10231E+00
361,4.49682E-02,  1.55309E+01,  7.25296E-03,  1.10139E+00
362,4.50419E-02,  1.56610E+01,  7.22909E-03,  1.10046E+00
363,4.51157E-02,  1.57872E+01,  7.20521E-03,  1.09943E+00
364,4.51894E-02,  1.59154E+01,  7.18134E-03,  1.09847E+00
365,4.52630E-02,  1.60503E+01,  7.15726E-03,  1.09750E+00
366,4.53367E-02,  1.61813E+01,  7.13318E-03,  1.09642E+00
367,4.54103E-02,  1.63143E+01,  7.10909E-03,  1.09543E+00
368,4.54838E-02,  1.64542E+01,  7.08481E-03,  1.09442E+00
369,4.55574E-02,  1.65902E+01,  7.06053E-03,  1.09330E+00
370,4.56309E-02,  1.67284E+01,  7.03625E-03,  1.09226E+00
371,4.57044E-02,  1.68735E+01,  7.01177E-03,  1.09121E+00
372,4.57778E-02,  1.70148E+01,  6.98730E-03,  1.09005E+00
373,4.58513E-02,  1.71583E+01,  6.96282E-03,  1.08897E+00
374,4.59247E-02,  1.73090E+01,  6.93815E-03,  1.08787E+00
375,4.59980E-02,  1.74558E+01,  6.91348E-03,  1.08666E+00
376,4.60714E-02,  1.76050E+01,  6.88881E-03,  1.08554E+00
377,4.61447E-02,  1.77616E+01,  6.86396E-03,  1.08439E+00
378,4.62180E-02,  1.79142E+01,  6.83910E-03,  1.08314E+00
379,4.62913E-02,  1.80694E+01,  6.81425E-03,  1.08196E+00
380,4.63645E-02,  1.82321E+01,  6.78921E-03,  1.08076E+00
381,4.64376E-02,  1.83909E+01,  6.76417E-03,  1.07946E+00
382,4.65108E-02,  1.85523E+01,  6.73913E-03,  1.07823E+00
383,4.65840E-02,  1.87214E+01,  6.71392E-03,  1.07698E+00
384,4.66571E-02,  1.88868E+01,  6.68871E-03,  1.07563E+00
385,4.67302E-02,  1.90548E+01,  6.66349E-03,  1.07434E+00
386,4.68032E-02,  1.92307E+01,  6.63810E-03,  1.07304E+00
387,4.68762E-02,  1.94029E+01,  6.61272E-03,  1.07163E+00
388,4.69492E-02,  1.95779E+01,  6.58733E-03,  1.07029E+00
389,4.70222E-02,  1.97610E+01,  6.56178E-03,  1.06893E+00
390,4.70951E-02,  1.99404E+01,  6.53623E-03,  1.06745E+00
391,4.71680E-02,  2.01227E+01,  6.51068E-03,  1.06606E+00
392,4.72409E-02,  2.03133E+01,  6.48497E-03,  1.06463E+00
393,4.73137E-02,  2.05004E+01,  6.45925E-03,  1.06310E+00
394,4.73866E-02,  2.06904E+01,  6.43354E-03,  1.06164E+00
395,4.74594E-02,  2.08890E+01,  6.40768E-03,  1.06015E+00
396,4.75321E-02,  2.10841E+01,  6.38181E-03,  1.05855E+00
397,4.76049E-02,  2.12823E+01,  6.35594E-03,  1.05702E+00
398,4.76776E-02,  2.14892E+01,  6.32993E-03,  1.05546E+00
399,4.77503E-02,  2.16928E+01,  6.30391E-03,  1.05379E+00
400,4.78230E-02,  2.18997E+01,  6.27790E-03,  1.05219E+00
401,4.78956E-02,  2.21154E+01,  6.25174E-03,  1.05057E+00
402,4.79682E-02,  2.23280E+01,  6.22559E-03,  1.04882E+00
403,4.80408E-02,  2.25440E+01,  6.19943E-03,  1.04715E+00
404,4.81133E-02,  2.27690E+01,  6.17314E-03,  1.04545E+00
405,4.81858E-02,  2.29911E+01,  6.14685E-03,  1.04362E+00
406,4.82583E-02,  2.32167E+01,  6.12056E-03,  1.04187E+00
407,4.83308E-02,  2.34516E+01,  6.09414E-03,  1.04009E+00
408,4.84032E-02,  2.36838E+01,  6.06772E-03,  1.03819E+00
409,4.84757E-02,  2.39196E+01,  6.04130E-03,  1.03635E+00
410,4.85481E-02,  2.41649E+01,  6.01476E-03,  1.03448E+00
411,4.86204E-02,  2.44078E+01,  5.98822E-03,  1.03249E+00
412,4.86928E-02,  2.46545E+01,  5.96168E-03,  1.03056E+00
413,4.87651E-02,  2.49108E+01,  5.93503E-03,  1.02860E+00
414,4.88374E-02,  2.51651E+01,  5.90838E-03,  1.02652E+00
415,4.89097E-02,  2.54233E+01,  5.88173E-03,  1.02450E+00
416,4.89819E-02,  2.56912E+01,  5.85497E-03,  1.02245E+00
417,4.90541E-02,  2.59574E+01,  5.82821E-03,  1.02027E+00
418,4.91263E-02,  2.62277E+01,  5.80145E-03,  1.01815E+00
419,4.91985E-02,  2.65079E+01,  5.77460E-03,  1.01599E+00
420,4.92706E-02,  2.67867E+01,  5.74775E-03,  1.01372E+00
421,4.93428E-02,  2.70699E+01,  5.72089E-03,  1.01149E+00
422,4.94148E-02,  2.73629E+01,  5.69395E-03,  1.00923E+00
423,4.94869E-02,  2.76551E+01,  5.66701E-03,  1.00684E+00
424,4.95590E-02,  2.79518E+01,  5.64007E-03,  1.00450E+00
425,4.96310E-02,  2.82585E+01,  5.61305E-03,  1.00212E+00
426,4.97030E-02,  2.85648E+01,  5.58602E-03,  9.99627E-01
427,4.97750E-02,  2.88758E+01,  5.55900E-03,  9.97167E-01
428,4.98469E-02,  2.91968E+01,  5.53191E-03,  9.94666E-01
429,4.99189E-02,  2.95181E+01,  5.50482E-03,  9.92050E-01
430,4.99908E-02,  2.98443E+01,  5.47773E-03,  9.89462E-01
431,5.00627E-02,  3.01803E+01,  5.45058E-03,  9.86831E-01
432,5.01346E-02,  3.05174E+01,  5.42343E-03,  9.84088E-01
433,5.02064E-02,  3.08596E+01,  5.39628E-03,  9.81363E-01
434,5.02783E-02,  3.12116E+01,  5.36908E-03,  9.78593E-01
435,5.03501E-02,  3.15653E+01,  5.34189E-03,  9.75716E-01
436,5.04219E-02,  3.19245E+01,  5.31469E-03,  9.72846E-01
437,5.04936E-02,  3.22932E+01,  5.28745E-03,  9.69929E-01
438,5.05654E-02,  3.26646E+01,  5.26021E-03,  9.66909E-01
439,5.06371E-02,  3.30416E+01,  5.23298E-03,  9.63884E-01
440,5.07088E-02,  3.34279E+01,  5.20571E-03,  9.60809E-01
441,5.07805E-02,  3.38180E+01,  5.17845E-03,  9.57637E-01
442,5.08522E-02,  3.42139E+01,  5.15119E-03,  9.54447E-01
443,5.09239E-02,  3.46187E+01,  5.12391E-03,  9.51205E-01
444,5.09955E-02,  3.50285E+01,  5.09663E-03,  9.47873E-01
445,5.10672E-02,  3.54443E+01,  5.06935E-03,  9.44506E-01
446,5.11388E-02,  3.58686E+01,  5.04207E-03,  9.41084E-01
447,5.12104E-02,  3.62991E+01,  5.01479E-03,  9.37582E-01
448,5.12820E-02,  3.67360E+01,  4.98751E-03,  9.34027E-01
449,5.13535E-02,  3.71807E+01,  4.96025E-03,  9.30414E-01
450,5.14251E-02,  3.76331E+01,  4.93298E-03,  9.26731E-01
451,5.14966E-02,  3.80922E+01,  4.90571E-03,  9.22975E-01
452,5.15681E-02,  3.85582E+01,  4.87847E-03,  9.19158E-01
453,5.16396E-02,  3.90338E+01,  4.85122E-03,  9.15284E-01
454,5.17111E-02,  3.95163E+01,  4.82398E-03,  9.11312E-01
455,5.17826E-02,  4.00047E+01,  4.79678E-03,  9.07276E-01
456,5.18541E-02,  4.05047E+01,  4.76958E-03,  9.03200E-01
457,5.19255E-02,  4.10120E+01,  4.74238E-03,  8.98998E-01
458,5.19970E-02,  4.15241E+01,  4.71523E-03,  8.94729E-01
459,5.20684E-02,  4.20500E+01,  4.68808E-03,  8.90438E-01
460,5.21398E-02,  4.25838E+01,  4.66094E-03,  8.85990E-01
461,5.22112E-02,  4.31213E+01,  4.63386E-03,  8.81473E-01
462,5.22826E-02,  4.36755E+01,  4.60679E-03,  8.76954E-01
463,5.23540E-02,  4.42387E+01,  4.57972E-03,  8.72245E-01
464,5.24254E-02,  4.48047E+01,  4.55273E-03,  8.67466E-01
465,5.24968E-02,  4.53917E+01,  4.52575E-03,  8.62713E-01
466,5.25681E-02,  4.59896E+01,  4.49877E-03,  8.57738E-01
467,5.26395E-02,  4.65916E+01,  4.47189E-03,  8.52693E-01
468,5.27108E-02,  4.72186E+01,  4.44501E-03,  8.47700E-01
469,5.27822E-02,  4.78547E+01,  4.41814E-03,  8.42348E-01
470,5.28535E-02,  4.85082E+01,  4.39139E-03,  8.36858E-01
471,5.29249E-02,  4.91979E+01,  4.36464E-03,  8.31538E-01
472,5.29962E-02,  4.98872E+01,  4.33789E-03,  8.25945E-01
473,5.30675E-02,  5.05696E+01,  4.31129E-03,  8.20280E-01
474,5.31388E-02,  5.12828E+01,  4.28469E-03,  8.14749E-01
475,5.32102E-02,  5.20070E+01,  4.25809E-03,  8.08831E-01
476,5.32815E-02,  5.27215E+01,  4.23166E-03,  8.02821E-01
477,5.33528E-02,  5.34726E+01,  4.20523E-03,  7.96987E-01
478,5.34241E-02,  5.42355E+01,  4.17880E-03,  7.90698E-01
479,5.34954E-02,  5.49839E+01,  4.15256E-03,  7.84308E-01
480,5.35667E-02,  5.57743E+01,  4.12633E-03,  7.78151E-01
481,5.36380E-02,  5.65775E+01,  4.10009E-03,  7.71463E-01
482,5.37093E-02,  5.73602E+01,  4.07407E-03,  7.64668E-01
483,5.37806E-02,  5.81912E+01,  4.04805E-03,  7.58173E-01
484,5.38519E-02,  5.90362E+01,  4.02202E-03,  7.51061E-01
485,5.39233E-02,  5.98535E+01,  3.99625E-03,  7.43837E-01
486,5.39946E-02,  6.07265E+01,  3.97047E-03,  7.36988E-01
487,5.40659E-02,  6.16151E+01,  3.94469E-03,  7.29427E-01
488,5.41372E-02,  6.24675E+01,  3.91918E-03,  7.21748E-01
489,5.42086E-02,  6.33841E+01,  3.89367E-03,  7.14531E-01
490,5.42799E-02,  6.43182E+01,  3.86816E-03,  7.06496E-01
491,5.43512E-02,  6.52059E+01,  3.84295E-03,  6.98334E-01
492,5.44226E-02,  6.61675E+01,  3.81774E-03,  6.90734E-01
493,5.44939E-02,  6.71489E+01,  3.79252E-03,  6.82199E-01
494,5.45653E-02,  6.80720E+01,  3.76764E-03,  6.73526E-01
495,5.46367E-02,  6.90798E+01,  3.74276E-03,  6.65529E-01
496,5.47081E-02,  7.01102E+01,  3.71788E-03,  6.56465E-01
497,5.47795E-02,  7.10680E+01,  3.69335E-03,  6.47253E-01
498,5.48509E-02,  7.21228E+01,  3.66883E-03,  6.38844E-01
499,5.49223E-02,  7.32036E+01,  3.64431E-03,  6.29224E-01
500,5.49937E-02,  7.41950E+01,  3.62018E-03,  6.19446E-01
501,5.50651E-02,  7.52972E+01,  3.59606E-03,  6.10610E-01
502,5.51366E-02,  7.64293E+01,  3.57193E-03,  6.00409E-01
503,5.52081E-02,  7.74523E+01,  3.54823E-03,  5.90036E-01
504,5.52796E-02,  7.86015E+01,  3.52454E-03,  5.80761E-01
505,5.53510E-02,  7.97855E+01,  3.50084E-03,  5.69952E-01
506,5.54226E-02,  8.08372E+01,  3.47761E-03,  5.58959E-01
507,5.54941E-02,  8.20323E+01,  3.45439E-03,  5.49234E-01
508,5.55656E-02,  8.32681E+01,  3.43116E-03,  5.37794E-01
509,5.56372E-02,  8.43443E+01,  3.40844E-03,  5.26157E-01
510,5.57088E-02,  8.55832E+01,  3.38572E-03,  5.15972E-01
511,5.57804E-02,  8.68697E+01,  3.36300E-03,  5.03880E-01
512,5.58520E-02,  8.79650E+01,  3.34084E-03,  4.91581E-01
513,5.59237E-02,  8.92443E+01,  3.31867E-03,  4.80930E-01
514,5.59953E-02,  9.05796E+01,  3.29650E-03,  4.68170E-01
515,5.60670E-02,  9.16870E+01,  3.27493E-03,  4.55193E-01
516,5.61387E-02,  9.30020E+01,  3.25336E-03,  4.44075E-01
517,5.62104E-02,  9.43828E+01,  3.23179E-03,  4.30635E-01
518,5.62822E-02,  9.54935E+01,  3.21086E-03,  4.16971E-01
519,5.63539E-02,  9.68375E+01,  3.18994E-03,  4.05391E-01
520,5.64257E-02,  9.82591E+01,  3.16901E-03,  3.91265E-01
521,5.64976E-02,  9.93623E+01,  3.14877E-03,  3.76916E-01
522,5.65694E-02,  1.00727E+02,  3.12854E-03,  3.64883E-01
523,5.66412E-02,  1.02183E+02,  3.10830E-03,  3.50075E-01
524,5.67131E-02,  1.03265E+02,  3.08881E-03,  3.35049E-01
525,5.67851E-02,  1.04639E+02,  3.06931E-03,  3.22585E-01
526,5.68570E-02,  1.06121E+02,  3.04982E-03,  3.07107E-01
527,5.69289E-02,  1.07168E+02,  3.03112E-03,  2.91423E-01
528,5.70009E-02,  1.08538E+02,  3.01243E-03,  2.78560E-01
529,5.70729E-02,  1.10035E+02,  2.99373E-03,  2.62435E-01
530,5.71450E-02,  1.11027E+02,  2.97588E-03,  2.46129E-01
531,5.72170E-02,  1.12376E+02,  2.95804E-03,  2.32909E-01
532,5.72891E-02,  1.13876E+02,  2.94019E-03,  2.16175E-01
533,5.73612E-02,  1.14793E+02,  2.92325E-03,  1.99295E-01
534,5.74334E-02,  1.16102E+02,  2.90632E-03,  1.85779E-01
535,5.75055E-02,  1.17588E+02,  2.88938E-03,  1.68488E-01
536,5.75777E-02,  1.18407E+02,  2.87341E-03,  1.51099E-01
537,5.76499E-02,  1.19652E+02,  2.85744E-03,  1.37360E-01
538,5.77221E-02,  1.21107E+02,  2.84147E-03,  1.19582E-01
539,5.77944E-02,  1.21801E+02,  2.82653E-03,  1.01768E-01
540,5.78666E-02,  1.22957E+02,  2.81159E-03,  8.79007E-02
541,5.79389E-02,  1.24359E+02,  2.79664E-03,  6.97252E-02
542,5.80112E-02,  1.24902E+02,  2.78279E-03,  5.15888E-02
543,5.80836E-02,  1.25939E+02,  2.76893E-03,  3.77020E-02
544,5.81559E-02,  1.27263E+02,  2.75508E-03,  1.92386E-02
545,5.82283E-02,  1.27627E+02,  2.74238E-03,  9.03486E-04
546,5.83007E-02,  1.28512E+02,  2.72967E-03, -1.28753E-02
547,5.83730E-02,  1.29734E+02,  2.71697E-03, -3.14956E-02
548,5.84455E-02,  1.29890E+02,  2.70547E-03, -4.98857E-02
549,5.85179E-02,  1.30589E+02,  2.69398E-03, -6.34136E-02
550,5.85903E-02,  1.31680E+02,  2.68248E-03, -8.20387E-02
551,5.86627E-02,  1.31604E+02,  2.67226E-03, -1.00321E-01
552,5.87352E-02,  1.32081E+02,  2.66204E-03, -1.13442E-01
553,5.88076E-02,  1.33014E+02,  2.65181E-03, -1.31900E-01
554,5.88801E-02,  1.32680E+02,  2.64292E-03, -1.49893E-01
555,5.89525E-02,  1.32900E+02,  2.63403E-03, -1.62443E-01
556,5.90250E-02,  1.33648E+02,  2.62514E-03, -1.80545E-01
557,5.90974E-02,  1.33038E+02,  2.61763E-03, -1.98055E-01
558,5.91699E-02,  1.32971E+02,  2.61012E-03, -2.09866E-01
559,5.92423E-02,  1.33506E+02,  2.60262E-03, -2.27411E-01
560,5.93148E-02,  1.32609E+02,  2.59656E-03, -2.44236E-01
561,5.93872E-02,  1.32227E+02,  2.59049E-03, -2.55141E-01
562,5.94596E-02,  1.32529E+02,  2.58443E-03, -2.71923E-01
563,5.95320E-02,  1.31339E+02,  2.57986E-03, -2.87859E-01
564,5.96043E-02,  1.30627E+02,  2.57529E-03, -2.97702E-01
565,5.96767E-02,  1.30678E+02,  2.57072E-03, -3.13517E-01
566,5.97490E-02,  1.29197E+02,  2.56768E-03, -3.28366E-01
567,5.98213E-02,  1.28150E+02,  2.56465E-03, -3.37012E-01
568,5.98936E-02,  1.27938E+02,  2.56162E-03, -3.51661E-01
569,5.99657E-02,  1.26178E+02,  2.56017E-03, -3.65251E-01
570,6.00379E-02,  1.24800E+02,  2.55871E-03, -3.72570E-01
571,6.01101E-02,  1.24314E+02,  2.55726E-03, -3.85879E-01
572,6.01821E-02,  1.22290E+02,  2.55742E-03, -3.97969E-01
573,6.02542E-02,  1.20608E+02,  2.55759E-03, -4.03722E-01
574,6.03262E-02,  1.19877E+02,  2.55775E-03, -4.15326E-01
575,6.03981E-02,  1.17657E+02,  2.55956E-03, -4.25629E-01
576,6.04700E-02,  1.15740E+02,  2.56137E-03, -4.29736E-01
577,6.05418E-02,  1.14778E+02,  2.56318E-03, -4.39574E-01
578,6.06135E-02,  1.12377E+02,  2.56665E-03, -4.48102E-01
579,6.06852E-02,  1.10240E+02,  2.57013E-03, -4.50590E-01
580,6.07569E-02,  1.09036E+02,  2.57361E-03, -4.58639E-01
581,6.08283E-02,  1.06468E+02,  2.57877E-03, -4.65367E-01
582,6.08997E-02,  1.04138E+02,  2.58393E-03, -4.66277E-01
583,6.09712E-02,  1.02699E+02,  2.58909E-03, -4.72520E-01
584,6.10424E-02,  9.99931E+01,  2.59594E-03, -4.77456E-01
585,6.11135E-02,  9.75061E+01,  2.60279E-03, -4.76848E-01
586,6.11847E-02,  9.58520E+01,  2.60964E-03, -4.81307E-01
587,6.12556E-02,  9.30469E+01,  2.61819E-03, -4.84496E-01
588,6.13264E-02,  9.04451E+01,  2.62673E-03, -4.82460E-01
589,6.13973E-02,  8.86076E+01,  2.63528E-03, -4.85197E-01
590,6.14678E-02,  8.57482E+01,  2.64552E-03, -4.86727E-01
591,6.15384E-02,  8.30775E+01,  2.65575E-03, -4.83382E-01
592,6.16089E-02,  8.10972E+01,  2.66599E-03, -4.84501E-01
593,6.16791E-02,  7.82315E+01,  2.67790E-03, -4.84497E-01
594,6.17493E-02,  7.55401E+01,  2.68981E-03, -4.79990E-01
595,6.18194E-02,  7.34643E+01,  2.70173E-03, -4.79630E-01
596,6.18892E-02,  7.06412E+01,  2.71531E-03, -4.78254E-01
597,6.19590E-02,  6.79787E+01,  2.72889E-03, -4.72755E-01
598,6.20288E-02,  6.58594E+01,  2.74247E-03, -4.71085E-01
599,6.20981E-02,  6.31281E+01,  2.75769E-03, -4.68523E-01
600,6.21675E-02,  6.05457E+01,  2.77291E-03, -4.62220E-01
601,6.22369E-02,  5.84400E+01,  2.78813E-03, -4.59428E-01
602,6.23058E-02,  5.58518E+01,  2.80498E-03, -4.55882E-01
603,6.23747E-02,  5.34057E+01,  2.82182E-03, -4.48973E-01
604,6.24436E-02,  5.13809E+01,  2.83866E-03, -4.45257E-01
605,6.25120E-02,  4.89991E+01,  2.85710E-03, -4.40934E-01
606,6.25804E-02,  4.67641E+01,  2.87554E-03, -4.33627E-01
607,6.26489E-02,  4.49134E+01,  2.89398E-03, -4.29210E-01
608,6.27168E-02,  4.28233E+01,  2.91398E-03, -4.24362E-01
609,6.27848E-02,  4.08826E+01,  2.93398E-03, -4.17008E-01
610,6.28527E-02,  3.92478E+01,  2.95398E-03, -4.12375E-01
611,6.29201E-02,  3.73777E+01,  2.97552E-03, -4.07832E-01
612,6.29875E-02,  3.54104E+01,  2.99705E-03, -4.01617E-01
613,6.30549E-02,  3.34496E+01,  3.01859E-03, -3.97870E-01
614,6.31218E-02,  3.11302E+01,  3.04163E-03, -3.91862E-01
615,6.31887E-02,  2.87252E+01,  3.06468E-03, -3.83166E-01
616,6.32555E-02,  2.65442E+01,  3.08772E-03, -3.76291E-01
617,6.33218E-02,  2.43091E+01,  3.11223E-03, -3.69218E-01
618,6.33882E-02,  2.21830E+01,  3.13675E-03, -3.60824E-01
619,6.34545E-02,  2.02920E+01,  3.16126E-03, -3.53846E-01
620,6.35202E-02,  1.83676E+01,  3.18721E-03, -3.46881E-01
621,6.35859E-02,  1.65327E+01,  3.21316E-03, -3.38945E-01
622,6.36517E-02,  1.48904E+01,  3.23911E-03, -3.32185E-01
623,6.37168E-02,  1.32346E+01,  3.26646E-03, -3.25433E-01
624,6.37819E-02,  1.16513E+01,  3.29381E-03, -3.18084E-01
625,6.38471E-02,  1.02240E+01,  3.32116E-03, -3.11615E-01
626,6.39116E-02,  8.80445E+00,  3.34988E-03, -3.05193E-01
627,6.39761E-02,  7.44858E+00,  3.37860E-03, -2.98454E-01
628,6.40407E-02,  6.21556E+00,  3.40732E-03, -2.92347E-01
629,6.41046E-02,  5.01049E+00,  3.43737E-03, -2.86315E-01
630,6.41685E-02,  3.86473E+00,  3.46742E-03, -2.80200E-01
631,6.42324E-02,  2.81091E+00,  3.49747E-03, -2.74496E-01
632,6.42957E-02,  1.80197E+00,  3.52883E-03, -2.68893E-01
633,6.43590E-02,  8.50212E-01,  3.56018E-03, -2.63397E-01
634,6.44222E-02, -3.83223E-02,  3.59154E-03, -2.58120E-01
635,6.44849E-02, -8.69154E-01,  3.62416E-03, -2.52964E-01
636,6.45475E-02, -1.64369E+00,  3.65679E-03, -2.48070E-01
637,6.46101E-02, -2.38093E+00,  3.68942E-03, -2.43230E-01
638,6.46721E-02, -3.05137E+00,  3.72330E-03, -2.38525E-01
639,6.47340E-02, -3.66576E+00,  3.75717E-03, -2.34205E-01
640,6.47960E-02, -4.26591E+00,  3.79105E-03, -2.29799E-01
641,6.48573E-02, -4.79378E+00,  3.82614E-03, -2.25538E-01
642,6.49186E-02, -5.26585E+00,  3.86124E-03, -2.21755E-01
643,6.49798E-02, -5.74361E+00,  3.89633E-03, -2.17772E-01
644,6.50404E-02, -6.14685E+00,  3.93262E-03, -2.13936E-01
645,6.51010E-02, -6.49483E+00,  3.96891E-03, -2.10648E-01
646,6.51616E-02, -6.86529E+00,  4.00520E-03, -2.07068E-01
647,6.52215E-02, -7.16152E+00,  4.04266E-03, -2.03633E-01
648,6.52814E-02, -7.40331E+00,  4.08012E-03, -2.00794E-01
649,6.53412E-02, -7.68114E+00,  4.11757E-03, -1.97594E-01
650,6.54004E-02, -7.88687E+00,  4.15618E-03, -1.94531E-01
651,6.54596E-02, -8.03932E+00,  4.19479E-03, -1.92094E-01
652,6.55187E-02, -8.23844E+00,  4.23340E-03, -1.89246E-01
653,6.55771E-02, -8.36897E+00,  4.27313E-03, -1.86523E-01
654,6.56355E-02, -8.44769E+00,  4.31286E-03, -1.84440E-01
655,6.56940E-02, -8.58097E+00,  4.35259E-03, -1.81913E-01
656,6.57516E-02, -8.64999E+00,  4.39343E-03, -1.79499E-01
657,6.58093E-02, -8.66884E+00,  4.43427E-03, -1.77725E-01
658,6.58669E-02, -8.74765E+00,  4.47511E-03, -1.75490E-01
659,6.59238E-02, -8.76697E+00,  4.51703E-03, -1.73354E-01
660,6.59807E-02, -8.73791E+00,  4.55895E-03, -1.71849E-01
661,6.60376E-02, -8.77210E+00,  4.60087E-03, -1.69876E-01
662,6.60937E-02, -8.75175E+00,  4.64386E-03, -1.67987E-01
663,6.61498E-02, -8.68496E+00,  4.68684E-03, -1.66712E-01
664,6.62059E-02, -8.68302E+00,  4.72983E-03, -1.64975E-01
665,6.62612E-02, -8.63154E+00,  4.77386E-03, -1.63307E-01
666,6.63164E-02, -8.53574E+00,  4.81789E-03, -1.62229E-01
667,6.63717E-02, -8.50507E+00,  4.86192E-03, -1.60702E-01
668,6.64262E-02, -8.42985E+00,  4.90697E-03, -1.59231E-01
669,6.64807E-02, -8.31264E+00,  4.95203E-03, -1.58323E-01
670,6.65351E-02, -8.25995E+00,  4.99708E-03, -1.56983E-01
671,6.65888E-02, -8.16767E+00,  5.04315E-03, -1.55690E-01
672,6.66424E-02, -8.03597E+00,  5.08921E-03, -1.54927E-01
673,6.66960E-02, -7.96762E+00,  5.13527E-03, -1.53755E-01
674,6.67488E-02, -7.86453E+00,  5.18232E-03, -1.52619E-01
675,6.68016E-02, -7.72483E+00,  5.22937E-03, -1.51981E-01
676,6.68544E-02, -7.64694E+00,  5.27642E-03, -1.50957E-01
677,6.69063E-02, -7.53896E+00,  5.32444E-03, -1.49961E-01
678,6.69582E-02, -7.39723E+00,  5.37246E-03, -1.49428E-01
679,6.70101E-02, -7.31550E+00,  5.42048E-03, -1.48535E-01
680,6.70611E-02, -7.20795E+00,  5.46945E-03, -1.47661E-01
681,6.71121E-02, -7.06935E+00,  5.51842E-03, -1.47217E-01
682,6.71631E-02, -6.98872E+00,  5.56739E-03, -1.46435E-01
683,6.72132E-02, -6.88596E+00,  5.61729E-03, -1.45666E-01
684,6.72634E-02, -6.75449E+00,  5.66719E-03, -1.45294E-01
685,6.73135E-02, -6.67871E+00,  5.71710E-03, -1.44607E-01
686,6.73627E-02, -6.58380E+00,  5.76791E-03, -1.43926E-01
687,6.74119E-02, -6.46203E+00,  5.81873E-03, -1.43610E-01
688,6.74611E-02, -6.39344E+00,  5.86955E-03, -1.42999E-01
689,6.75093E-02, -6.30800E+00,  5.92126E-03, -1.42389E-01
690,6.75576E-02, -6.19696E+00,  5.97297E-03, -1.42117E-01
691,6.76059E-02, -6.13640E+00,  6.02468E-03, -1.41566E-01
692,6.76532E-02, -6.06057E+00,  6.07727E-03, -1.41011E-01
693,6.77005E-02, -5.95986E+00,  6.12986E-03, -1.40769E-01
694,6.77478E-02, -5.90680E+00,  6.18245E-03, -1.40265E-01
695,6.77941E-02, -5.83945E+00,  6.23590E-03, -1.39753E-01
696,6.78405E-02, -5.74750E+00,  6.28935E-03, -1.39531E-01
697,6.78868E-02, -5.70032E+00,  6.34280E-03, -1.39061E-01
698,6.79322E-02, -5.63940E+00,  6.39709E-03, -1.38581E-01
699,6.79776E-02, -5.55383E+00,  6.45137E-03, -1.38371E-01
700,6.80230E-02, -5.51017E+00,  6.50566E-03, -1.37927E-01
701,6.80673E-02, -5.45303E+00,  6.56077E-03, -1.37470E-01
702,6.81117E-02, -5.37105E+00,  6.61588E-03, -1.37266E-01
703,6.81561E-02, -5.32817E+00,  6.67099E-03, -1.36841E-01
704,6.81995E-02, -5.27198E+00,  6.72690E-03, -1.36403E-01
705,6.82428E-02, -5.19073E+00,  6.78281E-03, -1.36201E-01
706,6.82862E-02, -5.14590E+00,  6.83872E-03, -1.35792E-01
707,6.83286E-02, -5.08790E+00,  6.89542E-03, -1.35368E-01
708,6.83709E-02, -5.00475E+00,  6.95211E-03, -1.35167E-01
709,6.84133E-02, -4.95546E+00,  7.00880E-03, -1.34771E-01
710,6.84546E-02, -4.89321E+00,  7.06626E-03, -1.34361E-01
711,6.84959E-02, -4.80593E+00,  7.12372E-03, -1.34161E-01
712,6.85372E-02, -4.75005E+00,  7.18117E-03, -1.33778E-01
713,6.85775E-02, -4.68156E+00,  7.23937E-03, -1.33383E-01
714,6.86177E-02, -4.58842E+00,  7.29757E-03, -1.33184E-01
715,6.86580E-02, -4.52429E+00,  7.35577E-03, -1.32815E-01
716,6.86972E-02, -4.44804E+00,  7.41470E-03, -1.32436E-01
717,6.87364E-02, -4.34778E+00,  7.47362E-03, -1.32240E-01
718,6.87756E-02, -4.27417E+00,  7.53254E-03, -1.31888E-01
719,6.88138E-02, -4.18904E+00,  7.59217E-03, -1.31527E-01
720,6.88519E-02, -4.08079E+00,  7.65180E-03, -1.31337E-01
721,6.88900E-02, -3.99678E+00,  7.71142E-03, -1.31004E-01
722,6.89271E-02, -3.90198E+00,  7.77173E-03, -1.30665E-01
723,6.89641E-02, -3.78520E+00,  7.83204E-03, -1.30484E-01
724,6.90012E-02, -3.69027E+00,  7.89235E-03, -1.30176E-01
725,6.90372E-02, -3.58543E+00,  7.95333E-03, -1.29866E-01
726,6.90731E-02, -3.46017E+00,  8.01430E-03, -1.29701E-01
727,6.91091E-02, -3.35449E+00,  8.07527E-03, -1.29424E-01
728,6.91439E-02, -3.24008E+00,  8.13689E-03, -1.29149E-01
729,6.91788E-02, -3.10726E+00,  8.19850E-03, -1.29006E-01
730,6.92136E-02, -2.99191E+00,  8.26012E-03, -1.28768E-01
731,6.92474E-02, -2.86925E+00,  8.32235E-03, -1.28535E-01
732,6.92811E-02, -2.73062E+00,  8.38459E-03, -1.28420E-01
733,6.93148E-02, -2.60751E+00,  8.44683E-03, -1.28226E-01
734,6.93474E-02, -2.47876E+00,  8.50966E-03, -1.28040E-01
735,6.93800E-02, -2.33682E+00,  8.57250E-03, -1.27960E-01
736,6.94126E-02, -2.20867E+00,  8.63534E-03, -1.27815E-01
737,6.94441E-02, -2.07673E+00,  8.69875E-03, -1.27681E-01
738,6.94756E-02, -1.93472E+00,  8.76217E-03, -1.27639E-01
739,6.95070E-02, -1.80500E+00,  8.82558E-03, -1.27548E-01
740,6.95374E-02, -1.67355E+00,  8.88956E-03, -1.27470E-01
741,6.95677E-02, -1.53538E+00,  8.95353E-03, -1.27470E-01
742,6.95980E-02, -1.40831E+00,  9.01751E-03, -1.27434E-01
743,6.96271E-02, -1.28171E+00,  9.08202E-03, -1.27414E-01
744,6.96563E-02, -1.15188E+00,  9.14653E-03, -1.27458E-01
745,6.96855E-02, -1.03232E+00,  9.21104E-03, -1.27478E-01
746,6.97134E-02, -9.15528E-01,  9.27607E-03, -1.27515E-01
747,6.97414E-02, -7.99058E-01,  9.34109E-03, -1.27601E-01
748,6.97694E-02, -6.92422E-01,  9.40612E-03, -1.27673E-01
749,6.97962E-02, -5.90800E-01,  9.47164E-03, -1.27760E-01
750,6.98230E-02, -4.92684E-01,  9.53716E-03, -1.27880E-01
751,6.98499E-02, -4.03789E-01,  9.60268E-03, -1.27988E-01
752,6.98755E-02, -3.20954E-01,  9.66868E-03, -1.28103E-01
753,6.99011E-02, -2.42831E-01,  9.73467E-03, -1.28235E-01
754,6.99267E-02, -1.71758E-01,  9.80066E-03, -1.28365E-01
755,6.99511E-02, -1.06759E-01,  9.86711E-03, -1.28524E-01
756,6.99756E-02, -4.99827E-02,  9.93355E-03, -1.28752E-01
757,7.00000E-02, -6.73710E-02,  1.00000E-02, -1.29093E-01
758,7.02466E-02, -1.92098E-01,  1.00000E-02, -1.29377E-01
759,7.04994E-02, -3.73433E-01,  1.00000E-02, -1.29676E-01
760,7.07586E-02, -5.80090E-01,  1.00000E-02, -1.29874E-01
761,7.10244E-02, -7.93556E-01,  1.00000E-02, -1.29991E-01
762,7.12969E-02, -1.00224E+00,  1.00000E-02, -1.30055E-01
763,7.15764E-02, -1.20182E+00,  1.00000E-02, -1.30083E-01
764,7.18629E-02, -1.39175E+00,  1.00000E-02, -1.30087E-01
765,7.21567E-02, -1.57319E+00,  1.00000E-02, -1.30069E-01
766,7.24580E-02, -1.74788E+00,  1.00000E-02, -1.30031E-01
767,7.27669E-02, -1.91753E+00,  1.00000E-02, -1.29971E-01
768,7.30837E-02, -2.08356E+00,  1.00000E-02, -1.29888E-01
769,7.34084E-02, -2.24712E+00,  1.00000E-02, -1.29779E-01
770,7.37415E-02, -2.40908E+00,  1.00000E-02, -1.29642E-01
771,7.40829E-02, -2.57011E+00,  1.00000E-02, -1.29474E-01
772,7.44331E-02, -2.73077E+00,  1.00000E-02, -1.29274E-01
773,7.47921E-02, -2.89153E+00,  1.00000E-02, -1.29038E-01
774,7.51602E-02, -3.05284E+00,  1.00000E-02, -1.28764E-01
775,7.55377E-02, -3.21521E+00,  1.00000E-02, -1.28450E-01
776,7.59247E-02, -3.37920E+00,  1.00000E-02, -1.28095E-01
777,7.63216E-02, -3.54558E+00,  1.00000E-02, -1.27695E-01
778,7.67285E-02, -3.71537E+00,  1.00000E-02, -1.27250E-01
779,7.71458E-02, -3.89002E+00,  1.00000E-02, -1.26757E-01
780,7.75736E-02, -4.07155E+00,  1.00000E-02, -1.26215E-01
781,7.80123E-02, -4.26278E+00,  1.00000E-02, -1.25623E-01
782,7.84621E-02, -4.46761E+00,  1.00000E-02, -1.24979E-01
783,7.89234E-02, -4.69127E+00,  1.00000E-02, -1.24281E-01
784,7.93963E-02, -4.94057E+00,  1.00000E-02, -1.23524E-01
785,7.98812E-02, -5.22409E+00,  1.00000E-02, -1.22701E-01
786,8.03785E-02, -5.55212E+00,  1.00000E-02, -1.21797E-01
787,8.08883E-02, -5.93624E+00,  1.00000E-02, -1.20787E-01
788,8.14111E-02, -6.38832E+00,  1.00000E-02, -1.19630E-01
789,8.19472E-02, -6.91868E+00,  1.00000E-02, -1.18264E-01
790,8.24968E-02, -7.53324E+00,  1.00000E-02, -1.16595E-01
791,8.30604E-02, -8.22982E+00,  1.00000E-02, -1.14489E-01
792,8.36383E-02, -8.99399E+00,  1.00000E-02, -1.11773E-01
793,8.42308E-02, -9.79584E+00,  1.00000E-02, -1.08232E-01
794,8.48384E-02, -1.05890E+01,  1.00000E-02, -1.03633E-01
795,8.54614E-02, -1.13134E+01,  1.00000E-02, -9.77473E-02
796,8.61002E-02, -1.19018E+01,  1.00000E-02, -9.04108E-02
797,8.67553E-02, -1.22888E+01,  1.00000E-02, -8.15282E-02
798,8.74269E-02, -1.24207E+01,  1.00000E-02, -7.11665E-02
799,8.81156E-02, -1.22565E+01,  1.00000E-02, -5.95429E-02
800,8.88217E-02, -1.17679E+01,  1.00000E-02, -4.69902E-02
801,8.95458E-02, -1.09529E+01,  1.00000E-02, -3.39457E-02
802,9.02882E-02, -9.83877E+00,  1.00000E-02, -2.09215E-02
803,9.10495E-02, -8.47258E+00,  1.00000E-02, -8.41978E-03
804,9.18300E-02, -6.91595E+00,  1.00000E-02,  3.09881E-03
805,9.26304E-02, -5.23888E+00,  1.00000E-02,  1.32575E-02
806,9.34511E-02, -3.51283E+00,  1.00000E-02,  2.18286E-02
807,9.42926E-02, -1.80147E+00,  1.00000E-02,  2.86767E-02
808,9.51555E-02, -1.74896E-01,  1.00000E-02,  3.38537E-02
809,9.60402E-02,  1.28388E+00,  1.00000E-02,  3.73144E-02
810,9.69474E-02,  2.52575E+00,  1.00000E-02,  3.92010E-02
811,9.78776E-02,  3.54657E+00,  1.00000E-02,  3.98862E-02
812,9.88314E-02,  4.35666E+00,  1.00000E-02,  3.96403E-02
813,9.98094E-02,  4.97183E+00,  1.00000E-02,  3.87584E-02
814,1.00812E-01,  5.41335E+00,  1.00000E-02,  3.74645E-02
815,1.01840E-01,  5.70668E+00,  1.00000E-02,  3.59608E-02
816,1.02895E-01,  5.87904E+00,  1.00000E-02,  3.43829E-02
817,1.03976E-01,  5.95774E+00,  1.00000E-02,  3.28388E-02
818,1.05084E-01,  5.96804E+00,  1.00000E-02,  3.13787E-02
819,1.06221E-01,  5.93147E+00,  1.00000E-02,  3.00476E-02
820,1.07387E-01,  5.86629E+00,  1.00000E-02,  2.88654E-02
821,1.08582E-01,  5.78790E+00,  1.00000E-02,  2.78076E-02
822,1.09807E-01,  5.70779E+00,  1.00000E-02,  2.68503E-02
823,1.11063E-01,  5.63370E+00,  1.00000E-02,  2.59586E-02
824,1.12352E-01,  5.57059E+00,  1.00000E-02,  2.51023E-02
825,1.13673E-01,  5.52115E+00,  1.00000E-02,  2.42499E-02
826,1.15027E-01,  5.48638E+00,  1.00000E-02,  2.33750E-02
827,1.16416E-01,  5.46601E+00,  1.00000E-02,  2.24540E-02
828,1.17840E-01,  5.45899E+00,  1.00000E-02,  2.14680E-02
829,1.19301E-01,  5.46381E+00,  1.00000E-02,  2.04019E-02
830,1.20798E-01,  5.47826E+00,  1.00000E-02,  1.92453E-02
831,1.22333E-01,  5.49983E+00,  1.00000E-02,  1.79923E-02
832,1.23907E-01,  5.52623E+00,  1.00000E-02,  1.66370E-02
833,1.25522E-01,  5.55542E+00,  1.00000E-02,  1.51791E-02
834,1.27177E-01,  5.58565E+00,  1.00000E-02,  1.36163E-02
835,1.28874E-01,  5.61552E+00,  1.00000E-02,  1.19532E-02
836,1.30614E-01,  5.64397E+00,  1.00000E-02,  1.01888E-02
837,1.32398E-01,  5.67026E+00,  1.00000E-02,  8.33116E-03
838,1.34228E-01,  5.69379E+00,  1.00000E-02,  6.37865E-03
839,1.36104E-01,  5.71378E+00,  1.00000E-02,  4.33989E-03
840,1.38028E-01,  5.72947E+00,  1.00000E-02,  2.21466E-03
841,1.40000E-01,  5.73615E+00,  1.00000E-02,  1.32902E-05
