 1,8.00409E-44,  5.83490E+00,  1.00000E-02,  1.19524E+00
 2,1.30767E-03,  5.83633E+00,  1.00000E-02,  1.19366E+00
 3,2.53992E-03,  5.83898E+00,  1.00000E-02,  1.19218E+00
 4,3.70108E-03,  5.84141E+00,  1.00000E-02,  1.19078E+00
 5,4.79527E-03,  5.84391E+00,  1.00000E-02,  1.18945E+00
 6,5.82634E-03,  5.84662E+00,  1.00000E-02,  1.18821E+00
 7,6.79794E-03,  5.84967E+00,  1.00000E-02,  1.18703E+00
 8,7.71349E-03,  5.85313E+00,  1.00000E-02,  1.18591E+00
 9,8.57623E-03,  5.85705E+00,  1.00000E-02,  1.18486E+00
10,9.38921E-03,  5.86149E+00,  1.00000E-02,  1.18387E+00
11,1.01553E-02,  5.86648E+00,  1.00000E-02,  1.18293E+00
12,1.08772E-02,  5.87205E+00,  1.00000E-02,  1.18205E+00
13,1.15574E-02,  5.87822E+00,  1.00000E-02,  1.18121E+00
14,1.21985E-02,  5.88502E+00,  1.00000E-02,  1.18041E+00
15,1.28025E-02,  5.89248E+00,  1.00000E-02,  1.17966E+00
16,1.33717E-02,  5.90061E+00,  1.00000E-02,  1.17895E+00
17,1.39081E-02,  5.90945E+00,  1.00000E-02,  1.17827E+00
18,1.44135E-02,  5.91901E+00,  1.00000E-02,  1.17763E+00
19,1.48898E-02,  5.92934E+00,  1.00000E-02,  1.17702E+00
20,1.53386E-02,  5.94049E+00,  1.00000E-02,  1.17645E+00
21,1.57615E-02,  5.95251E+00,  1.00000E-02,  1.17590E+00
22,1.61600E-02,  5.96547E+00,  1.00000E-02,  1.17538E+00
23,1.65355E-02,  5.97947E+00,  1.00000E-02,  1.17488E+00
24,1.68894E-02,  5.99464E+00,  1.00000E-02,  1.17441E+00
25,1.72228E-02,  6.01112E+00,  1.00000E-02,  1.17397E+00
26,1.75371E-02,  6.02911E+00,  1.00000E-02,  1.17354E+00
27,1.78332E-02,  6.04890E+00,  1.00000E-02,  1.17314E+00
28,1.81122E-02,  6.07082E+00,  1.00000E-02,  1.17275E+00
29,1.83751E-02,  6.09535E+00,  1.00000E-02,  1.17238E+00
30,1.86229E-02,  6.12316E+00,  1.00000E-02,  1.17203E+00
31,1.88563E-02,  6.15520E+00,  1.00000E-02,  1.17170E+00
32,1.90763E-02,  6.19267E+00,  1.00000E-02,  1.17139E+00
33,1.92836E-02,  6.23742E+00,  1.00000E-02,  1.17109E+00
34,1.94790E-02,  6.29682E+00,  1.00000E-02,  1.17084E+00
35,1.96631E-02,  6.39865E+00,  1.00000E-02,  1.17076E+00
36,1.98365E-02,  6.58627E+00,  1.00000E-02,  1.17080E+00
37,2.00000E-02,  6.72497E+00,  1.00000E-02,  1.16921E+00
38,2.00782E-02,  6.61091E+00,  1.00102E-02,  1.16624E+00
39,2.01564E-02,  6.34219E+00,  1.00204E-02,  1.16585E+00
40,2.02346E-02,  6.09955E+00,  1.00306E-02,  1.16635E+00
41,2.03129E-02,  5.91507E+00,  1.00405E-02,  1.16692E+00
42,2.03911E-02,  5.77315E+00,  1.00504E-02,  1.16728E+00
43,2.04693E-02,  5.65691E+00,  1.00602E-02,  1.16752E+00
44,2.05476E-02,  5.55752E+00,  1.00698E-02,  1.16768E+00
45,2.06259E-02,  5.46603E+00,  1.00793E-02,  1.16776E+00
46,2.07042E-02,  5.38007E+00,  1.00888E-02,  1.16788E+00
47,2.07825E-02,  5.30157E+00,  1.00980E-02,  1.16799E+00
48,2.08608E-02,  5.22730E+00,  1.01072E-02,  1.16806E+00
49,2.09391E-02,  5.15700E+00,  1.01165E-02,  1.16817E+00
50,2.10174E-02,  5.09297E+00,  1.01253E-02,  1.16828E+00
51,2.10958E-02,  5.03211E+00,  1.01342E-02,  1.16835E+00
52,2.11741E-02,  4.97411E+00,  1.01430E-02,  1.16845E+00
53,2.12525E-02,  4.92120E+00,  1.01516E-02,  1.16855E+00
54,2.13309E-02,  4.87049E+00,  1.01601E-02,  1.16862E+00
55,2.14092E-02,  4.82179E+00,  1.01686E-02,  1.16871E+00
56,2.14876E-02,  4.77735E+00,  1.01768E-02,  1.16880E+00
57,2.15660E-02,  4.73447E+00,  1.01850E-02,  1.16886E+00
58,2.16444E-02,  4.69305E+00,  1.01932E-02,  1.16895E+00
59,2.17229E-02,  4.65533E+00,  1.02010E-02,  1.16904E+00
60,2.18013E-02,  4.61872E+00,  1.02089E-02,  1.16909E+00
61,2.18797E-02,  4.58318E+00,  1.02167E-02,  1.16917E+00
62,2.19582E-02,  4.55093E+00,  1.02242E-02,  1.16926E+00
63,2.20366E-02,  4.51947E+00,  1.02318E-02,  1.16930E+00
64,2.21151E-02,  4.48881E+00,  1.02393E-02,  1.16938E+00
65,2.21935E-02,  4.46111E+00,  1.02464E-02,  1.16946E+00
66,2.22720E-02,  4.43398E+00,  1.02536E-02,  1.16950E+00
67,2.23505E-02,  4.40743E+00,  1.02608E-02,  1.16957E+00
68,2.24290E-02,  4.38361E+00,  1.02676E-02,  1.16965E+00
69,2.25075E-02,  4.36016E+00,  1.02744E-02,  1.16969E+00
70,2.25860E-02,  4.33714E+00,  1.02813E-02,  1.16975E+00
71,2.26645E-02,  4.31666E+00,  1.02878E-02,  1.16982E+00
72,2.27431E-02,  4.29641E+00,  1.02943E-02,  1.16986E+00
73,2.28216E-02,  4.27646E+00,  1.03007E-02,  1.16992E+00
74,2.29001E-02,  4.25890E+00,  1.03069E-02,  1.16998E+00
75,2.29787E-02,  4.24145E+00,  1.03131E-02,  1.17001E+00
76,2.30572E-02,  4.22421E+00,  1.03192E-02,  1.17007E+00
77,2.31358E-02,  4.20922E+00,  1.03250E-02,  1.17013E+00
78,2.32144E-02,  4.19426E+00,  1.03308E-02,  1.17016E+00
79,2.32930E-02,  4.17941E+00,  1.03366E-02,  1.17022E+00
80,2.33715E-02,  4.16672E+00,  1.03421E-02,  1.17027E+00
81,2.34501E-02,  4.15398E+00,  1.03476E-02,  1.17029E+00
82,2.35287E-02,  4.14130E+00,  1.03531E-02,  1.17035E+00
83,2.36073E-02,  4.13068E+00,  1.03582E-02,  1.17040E+00
84,2.36859E-02,  4.11994E+00,  1.03633E-02,  1.17042E+00
85,2.37645E-02,  4.10921E+00,  1.03684E-02,  1.17047E+00
86,2.38431E-02,  4.10046E+00,  1.03732E-02,  1.17051E+00
87,2.39218E-02,  4.09155E+00,  1.03780E-02,  1.17053E+00
88,2.40004E-02,  4.08260E+00,  1.03828E-02,  1.17057E+00
89,2.40790E-02,  4.07557E+00,  1.03873E-02,  1.17062E+00
90,2.41577E-02,  4.06833E+00,  1.03917E-02,  1.17063E+00
91,2.42363E-02,  4.06102E+00,  1.03961E-02,  1.17067E+00
92,2.43149E-02,  4.05558E+00,  1.04003E-02,  1.17071E+00
93,2.43936E-02,  4.04988E+00,  1.04044E-02,  1.17072E+00
94,2.44722E-02,  4.04408E+00,  1.04085E-02,  1.17076E+00
95,2.45509E-02,  4.04012E+00,  1.04122E-02,  1.17079E+00
96,2.46295E-02,  4.03587E+00,  1.04160E-02,  1.17080E+00
97,2.47082E-02,  4.03149E+00,  1.04198E-02,  1.17083E+00
98,2.47869E-02,  4.02891E+00,  1.04232E-02,  1.17087E+00
99,2.48655E-02,  4.02602E+00,  1.04266E-02,  1.17087E+00
100,2.49442E-02,  4.02297E+00,  1.04300E-02,  1.17090E+00
101,2.50229E-02,  4.02170E+00,  1.04331E-02,  1.17093E+00
102,2.51016E-02,  4.02009E+00,  1.04362E-02,  1.17093E+00
103,2.51802E-02,  4.01831E+00,  1.04393E-02,  1.17095E+00
104,2.52589E-02,  4.01827E+00,  1.04420E-02,  1.17098E+00
105,2.53376E-02,  4.01786E+00,  1.04447E-02,  1.17097E+00
106,2.54163E-02,  4.01727E+00,  1.04475E-02,  1.17100E+00
107,2.54950E-02,  4.01839E+00,  1.04499E-02,  1.17102E+00
108,2.55737E-02,  4.01909E+00,  1.04523E-02,  1.17101E+00
109,2.56524E-02,  4.01959E+00,  1.04547E-02,  1.17103E+00
110,2.57311E-02,  4.02179E+00,  1.04567E-02,  1.17105E+00
111,2.58097E-02,  4.02354E+00,  1.04588E-02,  1.17104E+00
112,2.58884E-02,  4.02507E+00,  1.04608E-02,  1.17106E+00
113,2.59671E-02,  4.02828E+00,  1.04625E-02,  1.17107E+00
114,2.60458E-02,  4.03102E+00,  1.04642E-02,  1.17106E+00
115,2.61245E-02,  4.03354E+00,  1.04660E-02,  1.17107E+00
116,2.62032E-02,  4.03772E+00,  1.04673E-02,  1.17108E+00
117,2.62819E-02,  4.04142E+00,  1.04687E-02,  1.17106E+00
118,2.63606E-02,  4.04488E+00,  1.04701E-02,  1.17107E+00
119,2.64393E-02,  4.04999E+00,  1.04711E-02,  1.17108E+00
120,2.65180E-02,  4.05459E+00,  1.04721E-02,  1.17106E+00
121,2.65967E-02,  4.05894E+00,  1.04732E-02,  1.17107E+00
122,2.66754E-02,  4.06493E+00,  1.04738E-02,  1.17107E+00
123,2.67541E-02,  4.07039E+00,  1.04745E-02,  1.17105E+00
124,2.68328E-02,  4.07559E+00,  1.04752E-02,  1.17105E+00
125,2.69115E-02,  4.08243E+00,  1.04755E-02,  1.17105E+00
126,2.69902E-02,  4.08872E+00,  1.04759E-02,  1.17103E+00
127,2.70689E-02,  4.09475E+00,  1.04762E-02,  1.17103E+00
128,2.71475E-02,  4.10241E+00,  1.04762E-02,  1.17102E+00
129,2.72262E-02,  4.10951E+00,  1.04762E-02,  1.17099E+00
130,2.73049E-02,  4.11633E+00,  1.04762E-02,  1.17099E+00
131,2.73836E-02,  4.12480E+00,  1.04759E-02,  1.17098E+00
132,2.74623E-02,  4.13267E+00,  1.04756E-02,  1.17095E+00
133,2.75410E-02,  4.14028E+00,  1.04752E-02,  1.17094E+00
134,2.76196E-02,  4.14952E+00,  1.04745E-02,  1.17093E+00
135,2.76983E-02,  4.15815E+00,  1.04739E-02,  1.17089E+00
136,2.77770E-02,  4.16651E+00,  1.04732E-02,  1.17088E+00
137,2.78556E-02,  4.17651E+00,  1.04721E-02,  1.17087E+00
138,2.79343E-02,  4.18588E+00,  1.04711E-02,  1.17083E+00
139,2.80130E-02,  4.19497E+00,  1.04701E-02,  1.17081E+00
140,2.80916E-02,  4.20570E+00,  1.04687E-02,  1.17080E+00
141,2.81703E-02,  4.21579E+00,  1.04674E-02,  1.17075E+00
142,2.82489E-02,  4.22559E+00,  1.04660E-02,  1.17074E+00
143,2.83276E-02,  4.23704E+00,  1.04643E-02,  1.17072E+00
144,2.84062E-02,  4.24783E+00,  1.04626E-02,  1.17067E+00
145,2.84848E-02,  4.25833E+00,  1.04609E-02,  1.17064E+00
146,2.85635E-02,  4.27049E+00,  1.04588E-02,  1.17062E+00
147,2.86421E-02,  4.28196E+00,  1.04568E-02,  1.17057E+00
148,2.87207E-02,  4.29314E+00,  1.04547E-02,  1.17054E+00
149,2.87993E-02,  4.30599E+00,  1.04523E-02,  1.17052E+00
150,2.88779E-02,  4.31813E+00,  1.04500E-02,  1.17046E+00
151,2.89565E-02,  4.32998E+00,  1.04476E-02,  1.17043E+00
152,2.90351E-02,  4.34350E+00,  1.04448E-02,  1.17040E+00
153,2.91137E-02,  4.35630E+00,  1.04421E-02,  1.17034E+00
154,2.91923E-02,  4.36880E+00,  1.04394E-02,  1.17030E+00
155,2.92709E-02,  4.38299E+00,  1.04363E-02,  1.17027E+00
156,2.93494E-02,  4.39643E+00,  1.04332E-02,  1.17020E+00
157,2.94280E-02,  4.40957E+00,  1.04302E-02,  1.17017E+00
158,2.95066E-02,  4.42441E+00,  1.04268E-02,  1.17013E+00
159,2.95851E-02,  4.43848E+00,  1.04233E-02,  1.17006E+00
160,2.96637E-02,  4.45225E+00,  1.04199E-02,  1.17002E+00
161,2.97422E-02,  4.46773E+00,  1.04162E-02,  1.16997E+00
162,2.98207E-02,  4.48243E+00,  1.04124E-02,  1.16990E+00
163,2.98993E-02,  4.49681E+00,  1.04087E-02,  1.16985E+00
164,2.99778E-02,  4.51295E+00,  1.04046E-02,  1.16981E+00
165,3.00563E-02,  4.52827E+00,  1.04005E-02,  1.16973E+00
166,3.01348E-02,  4.54329E+00,  1.03964E-02,  1.16968E+00
167,3.02133E-02,  4.56009E+00,  1.03920E-02,  1.16963E+00
168,3.02917E-02,  4.57607E+00,  1.03876E-02,  1.16954E+00
169,3.03702E-02,  4.59176E+00,  1.03831E-02,  1.16949E+00
170,3.04487E-02,  4.60927E+00,  1.03784E-02,  1.16944E+00
171,3.05271E-02,  4.62594E+00,  1.03736E-02,  1.16935E+00
172,3.06056E-02,  4.64233E+00,  1.03688E-02,  1.16929E+00
173,3.06840E-02,  4.66056E+00,  1.03637E-02,  1.16924E+00
174,3.07624E-02,  4.67793E+00,  1.03586E-02,  1.16915E+00
175,3.08409E-02,  4.69502E+00,  1.03535E-02,  1.16909E+00
176,3.09193E-02,  4.71396E+00,  1.03481E-02,  1.16902E+00
177,3.09977E-02,  4.73200E+00,  1.03426E-02,  1.16893E+00
178,3.10761E-02,  4.74973E+00,  1.03372E-02,  1.16887E+00
179,3.11544E-02,  4.76935E+00,  1.03314E-02,  1.16880E+00
180,3.12328E-02,  4.78831E+00,  1.03256E-02,  1.16871E+00
181,3.13112E-02,  4.80742E+00,  1.03199E-02,  1.16865E+00
182,3.13895E-02,  4.82792E+00,  1.03137E-02,  1.16859E+00
183,3.14678E-02,  4.84695E+00,  1.03076E-02,  1.16850E+00
184,3.15462E-02,  4.86596E+00,  1.03015E-02,  1.16844E+00
185,3.16245E-02,  4.88706E+00,  1.02951E-02,  1.16838E+00
186,3.17028E-02,  4.90733E+00,  1.02886E-02,  1.16828E+00
187,3.17811E-02,  4.92742E+00,  1.02822E-02,  1.16821E+00
188,3.18593E-02,  4.94954E+00,  1.02754E-02,  1.16815E+00
189,3.19376E-02,  4.97075E+00,  1.02686E-02,  1.16804E+00
190,3.20159E-02,  4.99175E+00,  1.02618E-02,  1.16797E+00
191,3.20941E-02,  5.01476E+00,  1.02547E-02,  1.16789E+00
192,3.21723E-02,  5.03680E+00,  1.02476E-02,  1.16778E+00
193,3.22506E-02,  5.05863E+00,  1.02404E-02,  1.16770E+00
194,3.23288E-02,  5.08245E+00,  1.02330E-02,  1.16762E+00
195,3.24069E-02,  5.10526E+00,  1.02255E-02,  1.16750E+00
196,3.24851E-02,  5.12785E+00,  1.02181E-02,  1.16742E+00
197,3.25633E-02,  5.15245E+00,  1.02103E-02,  1.16733E+00
198,3.26414E-02,  5.17598E+00,  1.02025E-02,  1.16721E+00
199,3.27196E-02,  5.19929E+00,  1.01947E-02,  1.16712E+00
200,3.27977E-02,  5.22462E+00,  1.01866E-02,  1.16703E+00
201,3.28758E-02,  5.24885E+00,  1.01784E-02,  1.16690E+00
202,3.29539E-02,  5.27286E+00,  1.01703E-02,  1.16680E+00
203,3.30320E-02,  5.29891E+00,  1.01618E-02,  1.16670E+00
204,3.31100E-02,  5.32382E+00,  1.01534E-02,  1.16657E+00
205,3.31881E-02,  5.34852E+00,  1.01449E-02,  1.16647E+00
206,3.32661E-02,  5.37527E+00,  1.01361E-02,  1.16636E+00
207,3.33441E-02,  5.40085E+00,  1.01274E-02,  1.16622E+00
208,3.34222E-02,  5.42624E+00,  1.01186E-02,  1.16611E+00
209,3.35001E-02,  5.45370E+00,  1.01094E-02,  1.16600E+00
210,3.35781E-02,  5.47995E+00,  1.01003E-02,  1.16585E+00
211,3.36561E-02,  5.50602E+00,  1.00912E-02,  1.16574E+00
212,3.37340E-02,  5.53419E+00,  1.00817E-02,  1.16562E+00
213,3.38120E-02,  5.56111E+00,  1.00723E-02,  1.16547E+00
214,3.38899E-02,  5.58788E+00,  1.00628E-02,  1.16535E+00
215,3.39678E-02,  5.61677E+00,  1.00531E-02,  1.16522E+00
216,3.40456E-02,  5.64438E+00,  1.00433E-02,  1.16506E+00
217,3.41235E-02,  5.67184E+00,  1.00335E-02,  1.16494E+00
218,3.42013E-02,  5.70146E+00,  1.00234E-02,  1.16481E+00
219,3.42792E-02,  5.72976E+00,  1.00133E-02,  1.16464E+00
220,3.43570E-02,  5.75794E+00,  1.00032E-02,  1.16451E+00
221,3.44348E-02,  5.78830E+00,  9.99273E-03,  1.16437E+00
222,3.45126E-02,  5.81732E+00,  9.98229E-03,  1.16419E+00
223,3.45903E-02,  5.84622E+00,  9.97185E-03,  1.16406E+00
224,3.46681E-02,  5.87734E+00,  9.96109E-03,  1.16392E+00
225,3.47458E-02,  5.90708E+00,  9.95032E-03,  1.16373E+00
226,3.48235E-02,  5.93673E+00,  9.93956E-03,  1.16359E+00
227,3.49012E-02,  5.96864E+00,  9.92847E-03,  1.16344E+00
228,3.49789E-02,  5.99911E+00,  9.91738E-03,  1.16325E+00
229,3.50565E-02,  6.02952E+00,  9.90628E-03,  1.16310E+00
230,3.51341E-02,  6.06223E+00,  9.89487E-03,  1.16294E+00
231,3.52118E-02,  6.09347E+00,  9.88345E-03,  1.16275E+00
232,3.52894E-02,  6.12466E+00,  9.87203E-03,  1.16259E+00
233,3.53669E-02,  6.15819E+00,  9.86029E-03,  1.16243E+00
234,3.54445E-02,  6.19022E+00,  9.84855E-03,  1.16222E+00
235,3.55220E-02,  6.22221E+00,  9.83681E-03,  1.16206E+00
236,3.55995E-02,  6.25659E+00,  9.82475E-03,  1.16189E+00
237,3.56770E-02,  6.28941E+00,  9.81268E-03,  1.16168E+00
238,3.57545E-02,  6.32224E+00,  9.80062E-03,  1.16150E+00
239,3.58320E-02,  6.35748E+00,  9.78823E-03,  1.16133E+00
240,3.59094E-02,  6.39114E+00,  9.77585E-03,  1.16111E+00
241,3.59868E-02,  6.42481E+00,  9.76346E-03,  1.16093E+00
242,3.60642E-02,  6.46095E+00,  9.75075E-03,  1.16075E+00
243,3.61416E-02,  6.49546E+00,  9.73805E-03,  1.16052E+00
244,3.62190E-02,  6.53001E+00,  9.72534E-03,  1.16033E+00
245,3.62963E-02,  6.56708E+00,  9.71231E-03,  1.16014E+00
246,3.63736E-02,  6.60246E+00,  9.69929E-03,  1.15990E+00
247,3.64509E-02,  6.63792E+00,  9.68626E-03,  1.15971E+00
248,3.65282E-02,  6.67594E+00,  9.67291E-03,  1.15951E+00
249,3.66054E-02,  6.71223E+00,  9.65957E-03,  1.15926E+00
250,3.66827E-02,  6.74862E+00,  9.64622E-03,  1.15906E+00
251,3.67599E-02,  6.78762E+00,  9.63256E-03,  1.15886E+00
252,3.68370E-02,  6.82485E+00,  9.61890E-03,  1.15860E+00
253,3.69142E-02,  6.86220E+00,  9.60523E-03,  1.15839E+00
254,3.69913E-02,  6.90221E+00,  9.59125E-03,  1.15818E+00
255,3.70685E-02,  6.94041E+00,  9.57728E-03,  1.15791E+00
256,3.71456E-02,  6.97876E+00,  9.56330E-03,  1.15770E+00
257,3.72226E-02,  7.01982E+00,  9.54900E-03,  1.15747E+00
258,3.72997E-02,  7.05902E+00,  9.53471E-03,  1.15720E+00
259,3.73767E-02,  7.09839E+00,  9.52041E-03,  1.15697E+00
260,3.74537E-02,  7.14054E+00,  9.50581E-03,  1.15674E+00
261,3.75307E-02,  7.18077E+00,  9.49120E-03,  1.15646E+00
262,3.76077E-02,  7.22121E+00,  9.47659E-03,  1.15623E+00
263,3.76846E-02,  7.26447E+00,  9.46167E-03,  1.15599E+00
264,3.77615E-02,  7.30577E+00,  9.44675E-03,  1.15569E+00
265,3.78384E-02,  7.34731E+00,  9.43183E-03,  1.15545E+00
266,3.79152E-02,  7.39174E+00,  9.41660E-03,  1.15520E+00
267,3.79921E-02,  7.43414E+00,  9.40137E-03,  1.15490E+00
268,3.80689E-02,  7.47682E+00,  9.38614E-03,  1.15464E+00
269,3.81457E-02,  7.52245E+00,  9.37060E-03,  1.15438E+00
270,3.82225E-02,  7.56600E+00,  9.35506E-03,  1.15407E+00
271,3.82992E-02,  7.60986E+00,  9.33953E-03,  1.15381E+00
272,3.83759E-02,  7.65673E+00,  9.32368E-03,  1.15354E+00
273,3.84526E-02,  7.70146E+00,  9.30783E-03,  1.15322E+00
274,3.85293E-02,  7.74655E+00,  9.29198E-03,  1.15294E+00
275,3.86059E-02,  7.79471E+00,  9.27583E-03,  1.15266E+00
276,3.86825E-02,  7.84068E+00,  9.25968E-03,  1.15233E+00
277,3.87592E-02,  7.88703E+00,  9.24353E-03,  1.15204E+00
278,3.88357E-02,  7.93653E+00,  9.22707E-03,  1.15175E+00
279,3.89122E-02,  7.98378E+00,  9.21061E-03,  1.15141E+00
280,3.89888E-02,  8.03145E+00,  9.19415E-03,  1.15111E+00
281,3.90652E-02,  8.08234E+00,  9.17739E-03,  1.15081E+00
282,3.91417E-02,  8.13091E+00,  9.16063E-03,  1.15045E+00
283,3.92182E-02,  8.17996E+00,  9.14387E-03,  1.15015E+00
284,3.92945E-02,  8.23228E+00,  9.12681E-03,  1.14984E+00
285,3.93709E-02,  8.28224E+00,  9.10975E-03,  1.14947E+00
286,3.94473E-02,  8.33271E+00,  9.09269E-03,  1.14915E+00
287,3.95236E-02,  8.38654E+00,  9.07533E-03,  1.14883E+00
288,3.95999E-02,  8.43793E+00,  9.05797E-03,  1.14844E+00
289,3.96762E-02,  8.48988E+00,  9.04061E-03,  1.14811E+00
290,3.97525E-02,  8.54527E+00,  9.02295E-03,  1.14778E+00
291,3.98287E-02,  8.59817E+00,  9.00529E-03,  1.14738E+00
292,3.99049E-02,  8.65166E+00,  8.98764E-03,  1.14704E+00
293,3.99810E-02,  8.70869E+00,  8.96968E-03,  1.14669E+00
294,4.00572E-02,  8.76316E+00,  8.95173E-03,  1.14628E+00
295,4.01333E-02,  8.81826E+00,  8.93378E-03,  1.14593E+00
296,4.02094E-02,  8.87699E+00,  8.91553E-03,  1.14557E+00
297,4.02855E-02,  8.93310E+00,  8.89728E-03,  1.14514E+00
298,4.03615E-02,  8.98990E+00,  8.87903E-03,  1.14477E+00
299,4.04375E-02,  9.05042E+00,  8.86050E-03,  1.14440E+00
300,4.05135E-02,  9.10826E+00,  8.84196E-03,  1.14396E+00
301,4.05894E-02,  9.16683E+00,  8.82342E-03,  1.14358E+00
302,4.06653E-02,  9.22926E+00,  8.80459E-03,  1.14319E+00
303,4.07412E-02,  9.28894E+00,  8.78576E-03,  1.14273E+00
304,4.08171E-02,  9.34944E+00,  8.76693E-03,  1.14234E+00
305,4.08929E-02,  9.41392E+00,  8.74782E-03,  1.14193E+00
306,4.09687E-02,  9.47557E+00,  8.72870E-03,  1.14146E+00
307,4.10445E-02,  9.53811E+00,  8.70959E-03,  1.14105E+00
308,4.11202E-02,  9.60476E+00,  8.69019E-03,  1.14064E+00
309,4.11960E-02,  9.66854E+00,  8.67079E-03,  1.14015E+00
310,4.12717E-02,  9.73330E+00,  8.65139E-03,  1.13973E+00
311,4.13473E-02,  9.80230E+00,  8.63170E-03,  1.13930E+00
312,4.14229E-02,  9.86835E+00,  8.61202E-03,  1.13880E+00
313,4.14986E-02,  9.93548E+00,  8.59234E-03,  1.13836E+00
314,4.15741E-02,  1.00070E+01,  8.57237E-03,  1.13791E+00
315,4.16497E-02,  1.00755E+01,  8.55241E-03,  1.13740E+00
316,4.17252E-02,  1.01451E+01,  8.53244E-03,  1.13694E+00
317,4.18007E-02,  1.02193E+01,  8.51220E-03,  1.13648E+00
318,4.18761E-02,  1.02904E+01,  8.49196E-03,  1.13594E+00
319,4.19516E-02,  1.03626E+01,  8.47172E-03,  1.13547E+00
320,4.20269E-02,  1.04395E+01,  8.45120E-03,  1.13499E+00
321,4.21023E-02,  1.05131E+01,  8.43068E-03,  1.13444E+00
322,4.21777E-02,  1.05878E+01,  8.41016E-03,  1.13395E+00
323,4.22529E-02,  1.06670E+01,  8.38937E-03,  1.13345E+00
324,4.23282E-02,  1.07429E+01,  8.36858E-03,  1.13288E+00
325,4.24035E-02,  1.08219E+01,  8.34779E-03,  1.13239E+00
326,4.24787E-02,  1.09032E+01,  8.32673E-03,  1.13191E+00
327,4.25539E-02,  1.09776E+01,  8.30566E-03,  1.13134E+00
328,4.26290E-02,  1.10541E+01,  8.28460E-03,  1.13083E+00
329,4.27041E-02,  1.11357E+01,  8.26327E-03,  1.13031E+00
330,4.27792E-02,  1.12140E+01,  8.24194E-03,  1.12971E+00
331,4.28543E-02,  1.12938E+01,  8.22061E-03,  1.12918E+00
332,4.29293E-02,  1.13786E+01,  8.19902E-03,  1.12863E+00
333,4.30043E-02,  1.14598E+01,  8.17742E-03,  1.12801E+00
334,4.30793E-02,  1.15425E+01,  8.15583E-03,  1.12745E+00
335,4.31542E-02,  1.16303E+01,  8.13397E-03,  1.12688E+00
336,4.32291E-02,  1.17144E+01,  8.11211E-03,  1.12623E+00
337,4.33040E-02,  1.18000E+01,  8.09025E-03,  1.12565E+00
338,4.33788E-02,  1.18907E+01,  8.06813E-03,  1.12506E+00
339,4.34536E-02,  1.19777E+01,  8.04602E-03,  1.12438E+00
340,4.35284E-02,  1.20662E+01,  8.02390E-03,  1.12378E+00
341,4.36032E-02,  1.21598E+01,  8.00153E-03,  1.12316E+00
342,4.36779E-02,  1.22498E+01,  7.97915E-03,  1.12246E+00
343,4.37526E-02,  1.23412E+01,  7.95678E-03,  1.12182E+00
344,4.38272E-02,  1.24380E+01,  7.93415E-03,  1.12118E+00
345,4.39018E-02,  1.25310E+01,  7.91152E-03,  1.12045E+00
346,4.39765E-02,  1.26255E+01,  7.88889E-03,  1.11979E+00
347,4.40510E-02,  1.27255E+01,  7.86602E-03,  1.11912E+00
348,4.41255E-02,  1.28216E+01,  7.84314E-03,  1.11836E+00
349,4.42000E-02,  1.29194E+01,  7.82026E-03,  1.11768E+00
350,4.42745E-02,  1.30228E+01,  7.79714E-03,  1.11698E+00
351,4.43489E-02,  1.31222E+01,  7.77401E-03,  1.11619E+00
352,4.44233E-02,  1.32234E+01,  7.75089E-03,  1.11548E+00
353,4.44977E-02,  1.33303E+01,  7.72752E-03,  1.11475E+00
354,4.45720E-02,  1.34333E+01,  7.70415E-03,  1.11394E+00
355,4.46463E-02,  1.35380E+01,  7.68078E-03,  1.11319E+00
356,4.47206E-02,  1.36486E+01,  7.65717E-03,  1.11244E+00
357,4.47948E-02,  1.37552E+01,  7.63356E-03,  1.11159E+00
358,4.48691E-02,  1.38637E+01,  7.60996E-03,  1.11082E+00
359,4.49432E-02,  1.39782E+01,  7.58611E-03,  1.11003E+00
360,4.50174E-02,  1.40887E+01,  7.56227E-03,  1.10915E+00
361,4.50915E-02,  1.42011E+01,  7.53842E-03,  1.10834E+00
362,4.51655E-02,  1.43197E+01,  7.51434E-03,  1.10752E+00
363,4.52396E-02,  1.44342E+01,  7.49027E-03,  1.10661E+00
364,4.53136E-02,  1.45508E+01,  7.46619E-03,  1.10577E+00
365,4.53876E-02,  1.46736E+01,  7.44189E-03,  1.10492E+00
366,4.54615E-02,  1.47925E+01,  7.41758E-03,  1.10396E+00
367,4.55355E-02,  1.49134E+01,  7.39327E-03,  1.10309E+00
368,4.56093E-02,  1.50408E+01,  7.36874E-03,  1.10220E+00
369,4.56832E-02,  1.51641E+01,  7.34422E-03,  1.10121E+00
370,4.57571E-02,  1.52896E+01,  7.31969E-03,  1.10030E+00
371,4.58308E-02,  1.54218E+01,  7.29494E-03,  1.09937E+00
372,4.59046E-02,  1.55499E+01,  7.27019E-03,  1.09835E+00
373,4.59783E-02,  1.56802E+01,  7.24544E-03,  1.09740E+00
374,4.60520E-02,  1.58173E+01,  7.22047E-03,  1.09643E+00
375,4.61257E-02,  1.59504E+01,  7.19550E-03,  1.09536E+00
376,4.61993E-02,  1.60858E+01,  7.17054E-03,  1.09437E+00
377,4.62729E-02,  1.62282E+01,  7.14536E-03,  1.09336E+00
378,4.63465E-02,  1.63665E+01,  7.12018E-03,  1.09225E+00
379,4.64200E-02,  1.65073E+01,  7.09501E-03,  1.09122E+00
380,4.64935E-02,  1.66553E+01,  7.06962E-03,  1.09017E+00
381,4.65670E-02,  1.67991E+01,  7.04424E-03,  1.08901E+00
382,4.66404E-02,  1.69455E+01,  7.01886E-03,  1.08793E+00
383,4.67138E-02,  1.70993E+01,  6.99327E-03,  1.08684E+00
384,4.67872E-02,  1.72490E+01,  6.96769E-03,  1.08563E+00
385,4.68606E-02,  1.74013E+01,  6.94210E-03,  1.08451E+00
386,4.69338E-02,  1.75613E+01,  6.91632E-03,  1.08336E+00
387,4.70071E-02,  1.77171E+01,  6.89054E-03,  1.08210E+00
388,4.70804E-02,  1.78757E+01,  6.86476E-03,  1.08093E+00
389,4.71536E-02,  1.80421E+01,  6.83879E-03,  1.07973E+00
390,4.72268E-02,  1.82045E+01,  6.81281E-03,  1.07843E+00
391,4.73000E-02,  1.83697E+01,  6.78684E-03,  1.07720E+00
392,4.73731E-02,  1.85429E+01,  6.76068E-03,  1.07595E+00
393,4.74461E-02,  1.87121E+01,  6.73452E-03,  1.07459E+00
394,4.75192E-02,  1.88843E+01,  6.70836E-03,  1.07330E+00
395,4.75922E-02,  1.90647E+01,  6.68202E-03,  1.07200E+00
396,4.76652E-02,  1.92412E+01,  6.65569E-03,  1.07057E+00
397,4.77382E-02,  1.94207E+01,  6.62935E-03,  1.06923E+00
398,4.78111E-02,  1.96087E+01,  6.60283E-03,  1.06787E+00
399,4.78841E-02,  1.97928E+01,  6.57632E-03,  1.06638E+00
400,4.79570E-02,  1.99801E+01,  6.54981E-03,  1.06498E+00
401,4.80298E-02,  2.01761E+01,  6.52313E-03,  1.06355E+00
402,4.81026E-02,  2.03683E+01,  6.49644E-03,  1.06200E+00
403,4.81754E-02,  2.05638E+01,  6.46976E-03,  1.06053E+00
404,4.82481E-02,  2.07682E+01,  6.44292E-03,  1.05904E+00
405,4.83209E-02,  2.09690E+01,  6.41608E-03,  1.05742E+00
406,4.83936E-02,  2.11732E+01,  6.38923E-03,  1.05588E+00
407,4.84662E-02,  2.13865E+01,  6.36224E-03,  1.05431E+00
408,4.85389E-02,  2.15964E+01,  6.33524E-03,  1.05262E+00
409,4.86115E-02,  2.18098E+01,  6.30824E-03,  1.05101E+00
410,4.86841E-02,  2.20325E+01,  6.28109E-03,  1.04937E+00
411,4.87566E-02,  2.22520E+01,  6.25395E-03,  1.04760E+00
412,4.88291E-02,  2.24752E+01,  6.22680E-03,  1.04591E+00
413,4.89016E-02,  2.27079E+01,  6.19951E-03,  1.04419E+00
414,4.89741E-02,  2.29376E+01,  6.17223E-03,  1.04234E+00
415,4.90465E-02,  2.31712E+01,  6.14494E-03,  1.04057E+00
416,4.91189E-02,  2.34145E+01,  6.11752E-03,  1.03876E+00
417,4.91913E-02,  2.36551E+01,  6.09010E-03,  1.03683E+00
418,4.92637E-02,  2.38997E+01,  6.06268E-03,  1.03497E+00
419,4.93360E-02,  2.41542E+01,  6.03513E-03,  1.03307E+00
420,4.94083E-02,  2.44063E+01,  6.00759E-03,  1.03105E+00
421,4.94806E-02,  2.46625E+01,  5.98004E-03,  1.02909E+00
422,4.95528E-02,  2.49289E+01,  5.95238E-03,  1.02710E+00
423,4.96250E-02,  2.51931E+01,  5.92471E-03,  1.02499E+00
424,4.96972E-02,  2.54617E+01,  5.89705E-03,  1.02293E+00
425,4.97693E-02,  2.57405E+01,  5.86928E-03,  1.02084E+00
426,4.98415E-02,  2.60176E+01,  5.84150E-03,  1.01862E+00
427,4.99136E-02,  2.62993E+01,  5.81373E-03,  1.01646E+00
428,4.99857E-02,  2.65914E+01,  5.78586E-03,  1.01427E+00
429,5.00577E-02,  2.68821E+01,  5.75799E-03,  1.01194E+00
430,5.01298E-02,  2.71776E+01,  5.73012E-03,  1.00967E+00
431,5.02017E-02,  2.74836E+01,  5.70216E-03,  1.00736E+00
432,5.02737E-02,  2.77888E+01,  5.67419E-03,  1.00492E+00
433,5.03457E-02,  2.80991E+01,  5.64623E-03,  1.00253E+00
434,5.04176E-02,  2.84198E+01,  5.61819E-03,  1.00009E+00
435,5.04895E-02,  2.87404E+01,  5.59015E-03,  9.97538E-01
436,5.05614E-02,  2.90662E+01,  5.56210E-03,  9.95018E-01
437,5.06333E-02,  2.94025E+01,  5.53399E-03,  9.92454E-01
438,5.07051E-02,  2.97393E+01,  5.50588E-03,  9.89771E-01
439,5.07769E-02,  3.00816E+01,  5.47777E-03,  9.87114E-01
440,5.08487E-02,  3.04344E+01,  5.44959E-03,  9.84412E-01
441,5.09205E-02,  3.07885E+01,  5.42142E-03,  9.81592E-01
442,5.09922E-02,  3.11482E+01,  5.39325E-03,  9.78790E-01
443,5.10639E-02,  3.15184E+01,  5.36503E-03,  9.75939E-01
444,5.11356E-02,  3.18907E+01,  5.33681E-03,  9.72977E-01
445,5.12073E-02,  3.22690E+01,  5.30859E-03,  9.70018E-01
446,5.12790E-02,  3.26574E+01,  5.28034E-03,  9.67010E-01
447,5.13506E-02,  3.30491E+01,  5.25208E-03,  9.63894E-01
448,5.14223E-02,  3.34470E+01,  5.22383E-03,  9.60769E-01
449,5.14938E-02,  3.38547E+01,  5.19555E-03,  9.57592E-01
450,5.15654E-02,  3.42669E+01,  5.16727E-03,  9.54314E-01
451,5.16370E-02,  3.46856E+01,  5.13899E-03,  9.51011E-01
452,5.17085E-02,  3.51137E+01,  5.11070E-03,  9.47652E-01
453,5.17801E-02,  3.55476E+01,  5.08241E-03,  9.44202E-01
454,5.18516E-02,  3.59883E+01,  5.05412E-03,  9.40708E-01
455,5.19231E-02,  3.64378E+01,  5.02584E-03,  9.37156E-01
456,5.19945E-02,  3.68947E+01,  4.99755E-03,  9.33523E-01
457,5.20660E-02,  3.73588E+01,  4.96927E-03,  9.29825E-01
458,5.21374E-02,  3.78309E+01,  4.94100E-03,  9.26065E-01
459,5.22089E-02,  3.83124E+01,  4.91274E-03,  9.22237E-01
460,5.22803E-02,  3.88013E+01,  4.88447E-03,  9.18321E-01
461,5.23517E-02,  3.92975E+01,  4.85624E-03,  9.14340E-01
462,5.24231E-02,  3.98053E+01,  4.82801E-03,  9.10305E-01
463,5.24944E-02,  4.03211E+01,  4.79977E-03,  9.06155E-01
464,5.25658E-02,  4.08437E+01,  4.77159E-03,  9.01938E-01
465,5.26371E-02,  4.13810E+01,  4.74341E-03,  8.97687E-01
466,5.27085E-02,  4.19281E+01,  4.71523E-03,  8.93293E-01
467,5.27798E-02,  4.24829E+01,  4.68712E-03,  8.88829E-01
468,5.28511E-02,  4.30561E+01,  4.65900E-03,  8.84345E-01
469,5.29224E-02,  4.36386E+01,  4.63089E-03,  8.79623E-01
470,5.29937E-02,  4.42381E+01,  4.60286E-03,  8.74796E-01
471,5.30649E-02,  4.48638E+01,  4.57483E-03,  8.70038E-01
472,5.31362E-02,  4.54918E+01,  4.54681E-03,  8.65095E-01
473,5.32075E-02,  4.61205E+01,  4.51888E-03,  8.60082E-01
474,5.32787E-02,  4.67727E+01,  4.49096E-03,  8.55115E-01
475,5.33500E-02,  4.74350E+01,  4.46304E-03,  8.49875E-01
476,5.34212E-02,  4.80961E+01,  4.43524E-03,  8.44550E-01
477,5.34924E-02,  4.87851E+01,  4.40745E-03,  8.39301E-01
478,5.35637E-02,  4.94849E+01,  4.37965E-03,  8.33725E-01
479,5.36349E-02,  5.01798E+01,  4.35200E-03,  8.28057E-01
480,5.37061E-02,  5.09074E+01,  4.32435E-03,  8.22509E-01
481,5.37773E-02,  5.16463E+01,  4.29671E-03,  8.16570E-01
482,5.38485E-02,  5.23761E+01,  4.26923E-03,  8.10535E-01
483,5.39197E-02,  5.31438E+01,  4.24175E-03,  8.04671E-01
484,5.39909E-02,  5.39237E+01,  4.21427E-03,  7.98346E-01
485,5.40621E-02,  5.46894E+01,  4.18699E-03,  7.91918E-01
486,5.41333E-02,  5.54991E+01,  4.15971E-03,  7.85722E-01
487,5.42045E-02,  5.63222E+01,  4.13242E-03,  7.78985E-01
488,5.42757E-02,  5.71249E+01,  4.10536E-03,  7.72139E-01
489,5.43469E-02,  5.79788E+01,  4.07830E-03,  7.65594E-01
490,5.44181E-02,  5.88474E+01,  4.05124E-03,  7.58418E-01
491,5.44893E-02,  5.96881E+01,  4.02442E-03,  7.51125E-01
492,5.45606E-02,  6.05883E+01,  3.99761E-03,  7.44215E-01
493,5.46318E-02,  6.15047E+01,  3.97079E-03,  7.36572E-01
494,5.47030E-02,  6.23843E+01,  3.94426E-03,  7.28803E-01
495,5.47742E-02,  6.33328E+01,  3.91772E-03,  7.21510E-01
496,5.48454E-02,  6.42994E+01,  3.89118E-03,  7.13370E-01
497,5.49167E-02,  6.52184E+01,  3.86495E-03,  7.05094E-01
498,5.49879E-02,  6.62169E+01,  3.83873E-03,  6.97400E-01
499,5.50592E-02,  6.72360E+01,  3.81250E-03,  6.88733E-01
500,5.51305E-02,  6.81945E+01,  3.78661E-03,  6.79918E-01
501,5.52017E-02,  6.92446E+01,  3.76072E-03,  6.71806E-01
502,5.52730E-02,  7.03182E+01,  3.73483E-03,  6.62580E-01
503,5.53443E-02,  7.13156E+01,  3.70932E-03,  6.53194E-01
504,5.54156E-02,  7.24186E+01,  3.68381E-03,  6.44646E-01
505,5.54869E-02,  7.35484E+01,  3.65829E-03,  6.34830E-01
506,5.55583E-02,  7.45836E+01,  3.63319E-03,  6.24840E-01
507,5.56296E-02,  7.57399E+01,  3.60809E-03,  6.15840E-01
508,5.57010E-02,  7.69274E+01,  3.58299E-03,  6.05403E-01
509,5.57724E-02,  7.79983E+01,  3.55835E-03,  5.94778E-01
510,5.58438E-02,  7.92079E+01,  3.53370E-03,  5.85309E-01
511,5.59152E-02,  8.04537E+01,  3.50905E-03,  5.74222E-01
512,5.59866E-02,  8.15572E+01,  3.48489E-03,  5.62930E-01
513,5.60581E-02,  8.28191E+01,  3.46074E-03,  5.52979E-01
514,5.61295E-02,  8.41234E+01,  3.43658E-03,  5.41214E-01
515,5.62010E-02,  8.52549E+01,  3.41296E-03,  5.29229E-01
516,5.62726E-02,  8.65670E+01,  3.38934E-03,  5.18785E-01
517,5.63441E-02,  8.79289E+01,  3.36572E-03,  5.06317E-01
518,5.64156E-02,  8.90824E+01,  3.34269E-03,  4.93615E-01
519,5.64872E-02,  9.04413E+01,  3.31965E-03,  4.82669E-01
520,5.65588E-02,  9.18588E+01,  3.29661E-03,  4.69478E-01
521,5.66304E-02,  9.30264E+01,  3.27421E-03,  4.56040E-01
522,5.67021E-02,  9.44268E+01,  3.25180E-03,  4.44590E-01
523,5.67737E-02,  9.58966E+01,  3.22940E-03,  4.30661E-01
524,5.68455E-02,  9.70683E+01,  3.20768E-03,  4.16478E-01
525,5.69172E-02,  9.85030E+01,  3.18596E-03,  4.04526E-01
526,5.69889E-02,  1.00020E+02,  3.16423E-03,  3.89852E-01
527,5.70607E-02,  1.01183E+02,  3.14325E-03,  3.74921E-01
528,5.71325E-02,  1.02643E+02,  3.12226E-03,  3.62479E-01
529,5.72043E-02,  1.04199E+02,  3.10128E-03,  3.47060E-01
530,5.72762E-02,  1.05339E+02,  3.08109E-03,  3.31391E-01
531,5.73481E-02,  1.06811E+02,  3.06090E-03,  3.18482E-01
532,5.74200E-02,  1.08398E+02,  3.04070E-03,  3.02331E-01
533,5.74920E-02,  1.09496E+02,  3.02137E-03,  2.85945E-01
534,5.75639E-02,  1.10965E+02,  3.00203E-03,  2.72604E-01
535,5.76359E-02,  1.12570E+02,  2.98269E-03,  2.55746E-01
536,5.77080E-02,  1.13605E+02,  2.96426E-03,  2.38680E-01
537,5.77800E-02,  1.15051E+02,  2.94583E-03,  2.24959E-01
538,5.78521E-02,  1.16660E+02,  2.92741E-03,  2.07435E-01
539,5.79242E-02,  1.17607E+02,  2.90996E-03,  1.89744E-01
540,5.79964E-02,  1.19008E+02,  2.89251E-03,  1.75710E-01
541,5.80685E-02,  1.20602E+02,  2.87506E-03,  1.57579E-01
542,5.81407E-02,  1.21434E+02,  2.85866E-03,  1.39338E-01
543,5.82129E-02,  1.22762E+02,  2.84225E-03,  1.25078E-01
544,5.82852E-02,  1.24318E+02,  2.82584E-03,  1.06421E-01
545,5.83575E-02,  1.25006E+02,  2.81054E-03,  8.77240E-02
546,5.84298E-02,  1.26230E+02,  2.79524E-03,  7.33468E-02
547,5.85021E-02,  1.27724E+02,  2.77995E-03,  5.42650E-02
548,5.85744E-02,  1.28235E+02,  2.76582E-03,  3.52324E-02
549,5.86468E-02,  1.29320E+02,  2.75170E-03,  2.08658E-02
550,5.87191E-02,  1.30723E+02,  2.73758E-03,  1.48716E-03
551,5.87916E-02,  1.31025E+02,  2.72470E-03, -1.77382E-02
552,5.88640E-02,  1.31932E+02,  2.71182E-03, -3.19466E-02
553,5.89364E-02,  1.33215E+02,  2.69894E-03, -5.14691E-02
554,5.90089E-02,  1.33276E+02,  2.68738E-03, -7.07199E-02
555,5.90813E-02,  1.33964E+02,  2.67581E-03, -8.46053E-02
556,5.91538E-02,  1.35093E+02,  2.66424E-03, -1.04094E-01
557,5.92263E-02,  1.34885E+02,  2.65405E-03, -1.23180E-01
558,5.92988E-02,  1.35312E+02,  2.64387E-03, -1.36564E-01
559,5.93713E-02,  1.36256E+02,  2.63368E-03, -1.55818E-01
560,5.94438E-02,  1.35754E+02,  2.62493E-03, -1.74530E-01
561,5.95163E-02,  1.35881E+02,  2.61619E-03, -1.87226E-01
562,5.95888E-02,  1.36609E+02,  2.60744E-03, -2.06027E-01
563,5.96613E-02,  1.35795E+02,  2.60020E-03, -2.24141E-01
564,5.97338E-02,  1.35588E+02,  2.59296E-03, -2.35962E-01
565,5.98063E-02,  1.36072E+02,  2.58572E-03, -2.54078E-01
566,5.98787E-02,  1.34938E+02,  2.58004E-03, -2.71365E-01
567,5.99512E-02,  1.34371E+02,  2.57437E-03, -2.82130E-01
568,6.00236E-02,  1.34589E+02,  2.56869E-03, -2.99329E-01
569,6.00960E-02,  1.33134E+02,  2.56463E-03, -3.15561E-01
570,6.01684E-02,  1.32196E+02,  2.56058E-03, -3.25108E-01
571,6.02408E-02,  1.32129E+02,  2.55652E-03, -3.41160E-01
572,6.03131E-02,  1.30357E+02,  2.55413E-03, -3.56116E-01
573,6.03854E-02,  1.29039E+02,  2.55173E-03, -3.64273E-01
574,6.04577E-02,  1.28674E+02,  2.54934E-03, -3.78867E-01
575,6.05298E-02,  1.26627E+02,  2.54866E-03, -3.92141E-01
576,6.06020E-02,  1.25002E+02,  2.54798E-03, -3.98544E-01
577,6.06742E-02,  1.24395E+02,  2.54729E-03, -4.11345E-01
578,6.07462E-02,  1.22132E+02,  2.54836E-03, -4.22789E-01
579,6.08181E-02,  1.20232E+02,  2.54942E-03, -4.27460E-01
580,6.08901E-02,  1.19357E+02,  2.55048E-03, -4.38423E-01
581,6.09619E-02,  1.16872E+02,  2.55331E-03, -4.47989E-01
582,6.10337E-02,  1.14710E+02,  2.55614E-03, -4.50929E-01
583,6.11055E-02,  1.13550E+02,  2.55898E-03, -4.59983E-01
584,6.11771E-02,  1.10863E+02,  2.56360E-03, -4.67617E-01
585,6.12486E-02,  1.08469E+02,  2.56822E-03, -4.68843E-01
586,6.13202E-02,  1.07031E+02,  2.57284E-03, -4.75945E-01
587,6.13915E-02,  1.04177E+02,  2.57927E-03, -4.81630E-01
588,6.14627E-02,  1.01593E+02,  2.58569E-03, -4.81192E-01
589,6.15340E-02,  9.99013E+01,  2.59212E-03, -4.86346E-01
590,6.16050E-02,  9.69269E+01,  2.60035E-03, -4.90116E-01
591,6.16759E-02,  9.42012E+01,  2.60858E-03, -4.88103E-01
592,6.17469E-02,  9.22936E+01,  2.61681E-03, -4.91366E-01
593,6.18175E-02,  8.92531E+01,  2.62684E-03, -4.93307E-01
594,6.18881E-02,  8.64415E+01,  2.63687E-03, -4.89843E-01
595,6.19587E-02,  8.43668E+01,  2.64690E-03, -4.91322E-01
596,6.20289E-02,  8.13188E+01,  2.65872E-03, -4.91573E-01
597,6.20992E-02,  7.84800E+01,  2.67054E-03, -4.86817E-01
598,6.21694E-02,  7.62966E+01,  2.68236E-03, -4.86666E-01
599,6.22392E-02,  7.33022E+01,  2.69596E-03, -4.85407E-01
600,6.23090E-02,  7.04989E+01,  2.70955E-03, -4.79549E-01
601,6.23788E-02,  6.82741E+01,  2.72315E-03, -4.77958E-01
602,6.24481E-02,  6.53979E+01,  2.73849E-03, -4.75401E-01
603,6.25175E-02,  6.27003E+01,  2.75384E-03, -4.68656E-01
604,6.25868E-02,  6.05152E+01,  2.76919E-03, -4.65838E-01
605,6.26557E-02,  5.78367E+01,  2.78626E-03, -4.62216E-01
606,6.27245E-02,  5.53388E+01,  2.80333E-03, -4.54814E-01
607,6.27934E-02,  5.33112E+01,  2.82040E-03, -4.51018E-01
608,6.28617E-02,  5.09463E+01,  2.83917E-03, -4.46601E-01
609,6.29301E-02,  4.87760E+01,  2.85793E-03, -4.38934E-01
610,6.29984E-02,  4.70009E+01,  2.87670E-03, -4.34665E-01
611,6.30662E-02,  4.49290E+01,  2.89713E-03, -4.30434E-01
612,6.31340E-02,  4.27531E+01,  2.91756E-03, -4.23989E-01
613,6.32018E-02,  4.05971E+01,  2.93799E-03, -4.21119E-01
614,6.32691E-02,  3.79800E+01,  2.96005E-03, -4.15432E-01
615,6.33363E-02,  3.52411E+01,  2.98211E-03, -4.05975E-01
616,6.34035E-02,  3.27683E+01,  3.00417E-03, -3.98985E-01
617,6.34702E-02,  3.01892E+01,  3.02783E-03, -3.91639E-01
618,6.35368E-02,  2.77313E+01,  3.05149E-03, -3.82489E-01
619,6.36034E-02,  2.55671E+01,  3.07514E-03, -3.75194E-01
620,6.36695E-02,  2.33242E+01,  3.10035E-03, -3.67859E-01
621,6.37355E-02,  2.11800E+01,  3.12556E-03, -3.59128E-01
622,6.38015E-02,  1.92825E+01,  3.15077E-03, -3.51973E-01
623,6.38669E-02,  1.73357E+01,  3.17749E-03, -3.44759E-01
624,6.39324E-02,  1.54674E+01,  3.20422E-03, -3.36631E-01
625,6.39978E-02,  1.38042E+01,  3.23094E-03, -3.29706E-01
626,6.40625E-02,  1.21229E+01,  3.25914E-03, -3.22776E-01
627,6.41273E-02,  1.05102E+01,  3.28733E-03, -3.15291E-01
628,6.41920E-02,  9.06303E+00,  3.31553E-03, -3.08696E-01
629,6.42561E-02,  7.62741E+00,  3.34517E-03, -3.02139E-01
630,6.43203E-02,  6.25582E+00,  3.37480E-03, -2.95327E-01
631,6.43844E-02,  5.01174E+00,  3.40444E-03, -2.89126E-01
632,6.44478E-02,  3.80412E+00,  3.43547E-03, -2.83003E-01
633,6.45112E-02,  2.65912E+00,  3.46651E-03, -2.76872E-01
634,6.45746E-02,  1.60519E+00,  3.49754E-03, -2.71108E-01
635,6.46374E-02,  6.07042E-01,  3.52995E-03, -2.65456E-01
636,6.47001E-02, -3.28407E-01,  3.56235E-03, -2.59995E-01
637,6.47628E-02, -1.20675E+00,  3.59475E-03, -2.54689E-01
638,6.48248E-02, -2.01539E+00,  3.62849E-03, -2.49523E-01
639,6.48869E-02, -2.76032E+00,  3.66223E-03, -2.44708E-01
640,6.49489E-02, -3.47846E+00,  3.69597E-03, -2.39868E-01
641,6.50102E-02, -4.11786E+00,  3.73101E-03, -2.35185E-01
642,6.50715E-02, -4.69249E+00,  3.76606E-03, -2.30981E-01
643,6.51328E-02, -5.26682E+00,  3.80110E-03, -2.26601E-01
644,6.51933E-02, -5.75769E+00,  3.83742E-03, -2.22389E-01
645,6.52539E-02, -6.18318E+00,  3.87374E-03, -2.18749E-01
646,6.53145E-02, -6.63083E+00,  3.91006E-03, -2.14813E-01
647,6.53743E-02, -6.99393E+00,  3.94763E-03, -2.11046E-01
648,6.54341E-02, -7.29164E+00,  3.98520E-03, -2.07920E-01
649,6.54938E-02, -7.62981E+00,  4.02276E-03, -2.04404E-01
650,6.55529E-02, -7.88498E+00,  4.06155E-03, -2.01053E-01
651,6.56119E-02, -8.07532E+00,  4.10034E-03, -1.98386E-01
652,6.56709E-02, -8.32039E+00,  4.13913E-03, -1.95262E-01
653,6.57291E-02, -8.48598E+00,  4.17912E-03, -1.92291E-01
654,6.57874E-02, -8.58788E+00,  4.21911E-03, -1.90030E-01
655,6.58456E-02, -8.75513E+00,  4.25909E-03, -1.87265E-01
656,6.59030E-02, -8.84771E+00,  4.30025E-03, -1.84639E-01
657,6.59604E-02, -8.87819E+00,  4.34141E-03, -1.82730E-01
658,6.60178E-02, -8.98125E+00,  4.38257E-03, -1.80291E-01
659,6.60744E-02, -9.01512E+00,  4.42488E-03, -1.77975E-01
660,6.61310E-02, -8.98883E+00,  4.46719E-03, -1.76370E-01
661,6.61876E-02, -9.03951E+00,  4.50950E-03, -1.74225E-01
662,6.62433E-02, -9.02680E+00,  4.55293E-03, -1.72185E-01
663,6.62990E-02, -8.95618E+00,  4.59637E-03, -1.70839E-01
664,6.63548E-02, -8.96460E+00,  4.63980E-03, -1.68957E-01
665,6.64096E-02, -8.91557E+00,  4.68434E-03, -1.67162E-01
666,6.64645E-02, -8.81118E+00,  4.72888E-03, -1.66036E-01
667,6.65194E-02, -8.78614E+00,  4.77342E-03, -1.64388E-01
668,6.65734E-02, -8.70958E+00,  4.81904E-03, -1.62811E-01
669,6.66273E-02, -8.58054E+00,  4.86467E-03, -1.61873E-01
670,6.66813E-02, -8.52993E+00,  4.91029E-03, -1.60434E-01
671,6.67344E-02, -8.43366E+00,  4.95697E-03, -1.59052E-01
672,6.67875E-02, -8.28817E+00,  5.00365E-03, -1.58272E-01
673,6.68406E-02, -8.21940E+00,  5.05034E-03, -1.57020E-01
674,6.68927E-02, -8.11072E+00,  5.09806E-03, -1.55812E-01
675,6.69449E-02, -7.95634E+00,  5.14578E-03, -1.55166E-01
676,6.69970E-02, -7.87649E+00,  5.19350E-03, -1.54078E-01
677,6.70483E-02, -7.76223E+00,  5.24224E-03, -1.53023E-01
678,6.70995E-02, -7.60585E+00,  5.29098E-03, -1.52491E-01
679,6.71507E-02, -7.52148E+00,  5.33972E-03, -1.51545E-01
680,6.72010E-02, -7.40768E+00,  5.38946E-03, -1.50623E-01
681,6.72512E-02, -7.25518E+00,  5.43920E-03, -1.50184E-01
682,6.73015E-02, -7.17188E+00,  5.48894E-03, -1.49361E-01
683,6.73508E-02, -7.06345E+00,  5.53965E-03, -1.48553E-01
684,6.74001E-02, -6.91928E+00,  5.59037E-03, -1.48190E-01
685,6.74493E-02, -6.84124E+00,  5.64108E-03, -1.47468E-01
686,6.74976E-02, -6.74156E+00,  5.69275E-03, -1.46754E-01
687,6.75459E-02, -6.60845E+00,  5.74442E-03, -1.46450E-01
688,6.75942E-02, -6.53821E+00,  5.79609E-03, -1.45811E-01
689,6.76415E-02, -6.44891E+00,  5.84869E-03, -1.45172E-01
690,6.76888E-02, -6.32784E+00,  5.90130E-03, -1.44911E-01
691,6.77361E-02, -6.26619E+00,  5.95390E-03, -1.44336E-01
692,6.77823E-02, -6.18728E+00,  6.00742E-03, -1.43757E-01
693,6.78286E-02, -6.07760E+00,  6.06093E-03, -1.43525E-01
694,6.78748E-02, -6.02379E+00,  6.11445E-03, -1.42999E-01
695,6.79201E-02, -5.95386E+00,  6.16886E-03, -1.42464E-01
696,6.79653E-02, -5.85365E+00,  6.22327E-03, -1.42251E-01
697,6.80105E-02, -5.80577E+00,  6.27768E-03, -1.41762E-01
698,6.80546E-02, -5.74241E+00,  6.33296E-03, -1.41261E-01
699,6.80988E-02, -5.64892E+00,  6.38823E-03, -1.41059E-01
700,6.81429E-02, -5.60429E+00,  6.44351E-03, -1.40597E-01
701,6.81860E-02, -5.54455E+00,  6.49964E-03, -1.40121E-01
702,6.82291E-02, -5.45466E+00,  6.55577E-03, -1.39924E-01
703,6.82722E-02, -5.41030E+00,  6.61189E-03, -1.39482E-01
704,6.83142E-02, -5.35107E+00,  6.66885E-03, -1.39026E-01
705,6.83561E-02, -5.26170E+00,  6.72580E-03, -1.38830E-01
706,6.83981E-02, -5.21468E+00,  6.78276E-03, -1.38405E-01
707,6.84390E-02, -5.15304E+00,  6.84051E-03, -1.37966E-01
708,6.84799E-02, -5.06142E+00,  6.89827E-03, -1.37770E-01
709,6.85208E-02, -5.00913E+00,  6.95603E-03, -1.37361E-01
710,6.85605E-02, -4.94259E+00,  7.01457E-03, -1.36937E-01
711,6.86003E-02, -4.84647E+00,  7.07311E-03, -1.36742E-01
712,6.86400E-02, -4.78678E+00,  7.13165E-03, -1.36347E-01
713,6.86787E-02, -4.71336E+00,  7.19095E-03, -1.35940E-01
714,6.87173E-02, -4.61107E+00,  7.25025E-03, -1.35747E-01
715,6.87559E-02, -4.54239E+00,  7.30955E-03, -1.35370E-01
716,6.87934E-02, -4.46065E+00,  7.36959E-03, -1.34981E-01
717,6.88309E-02, -4.35106E+00,  7.42963E-03, -1.34792E-01
718,6.88684E-02, -4.27227E+00,  7.48966E-03, -1.34434E-01
719,6.89047E-02, -4.18121E+00,  7.55041E-03, -1.34067E-01
720,6.89410E-02, -4.06359E+00,  7.61117E-03, -1.33884E-01
721,6.89773E-02, -3.97393E+00,  7.67192E-03, -1.33548E-01
722,6.90124E-02, -3.87292E+00,  7.73336E-03, -1.33208E-01
723,6.90476E-02, -3.74695E+00,  7.79480E-03, -1.33036E-01
724,6.90827E-02, -3.64612E+00,  7.85624E-03, -1.32728E-01
725,6.91167E-02, -3.53507E+00,  7.91835E-03, -1.32420E-01
726,6.91506E-02, -3.40113E+00,  7.98045E-03, -1.32266E-01
727,6.91846E-02, -3.28968E+00,  8.04256E-03, -1.31995E-01
728,6.92173E-02, -3.16941E+00,  8.10531E-03, -1.31726E-01
729,6.92501E-02, -3.02884E+00,  8.16806E-03, -1.31596E-01
730,6.92829E-02, -2.90825E+00,  8.23081E-03, -1.31367E-01
731,6.93144E-02, -2.78053E+00,  8.29419E-03, -1.31144E-01
732,6.93460E-02, -2.63548E+00,  8.35756E-03, -1.31045E-01
733,6.93775E-02, -2.50813E+00,  8.42093E-03, -1.30863E-01
734,6.94078E-02, -2.37553E+00,  8.48489E-03, -1.30691E-01
735,6.94381E-02, -2.22895E+00,  8.54886E-03, -1.30627E-01
736,6.94685E-02, -2.09799E+00,  8.61282E-03, -1.30497E-01
737,6.94976E-02, -1.96385E+00,  8.67736E-03, -1.30380E-01
738,6.95267E-02, -1.81934E+00,  8.74190E-03, -1.30355E-01
739,6.95557E-02, -1.68865E+00,  8.80644E-03, -1.30280E-01
740,6.95836E-02, -1.55701E+00,  8.87152E-03, -1.30219E-01
741,6.96114E-02, -1.41878E+00,  8.93660E-03, -1.30236E-01
742,6.96393E-02, -1.29290E+00,  9.00169E-03, -1.30216E-01
743,6.96659E-02, -1.16836E+00,  9.06730E-03, -1.30213E-01
744,6.96925E-02, -1.04105E+00,  9.13290E-03, -1.30271E-01
745,6.97191E-02, -9.24968E-01,  9.19851E-03, -1.30305E-01
746,6.97444E-02, -8.12483E-01,  9.26461E-03, -1.30354E-01
747,6.97697E-02, -7.00904E-01,  9.33072E-03, -1.30450E-01
748,6.97951E-02, -5.99756E-01,  9.39682E-03, -1.30531E-01
749,6.98191E-02, -5.04250E-01,  9.46340E-03, -1.30626E-01
750,6.98432E-02, -4.12796E-01,  9.52998E-03, -1.30750E-01
751,6.98672E-02, -3.30980E-01,  9.59656E-03, -1.30865E-01
752,6.98900E-02, -2.56048E-01,  9.66359E-03, -1.30988E-01
753,6.99128E-02, -1.87072E-01,  9.73062E-03, -1.31126E-01
754,6.99356E-02, -1.26510E-01,  9.79764E-03, -1.31260E-01
755,6.99570E-02, -7.35999E-02,  9.86510E-03, -1.31409E-01
756,6.99785E-02, -2.90132E-02,  9.93255E-03, -1.31584E-01
757,7.00000E-02, -4.81147E-02,  1.00000E-02, -1.31795E-01
758,7.02466E-02, -1.56633E-01,  1.00000E-02, -1.32055E-01
759,7.04994E-02, -3.17301E-01,  1.00000E-02, -1.32363E-01
760,7.07586E-02, -5.09829E-01,  1.00000E-02, -1.32578E-01
761,7.10244E-02, -7.14273E-01,  1.00000E-02, -1.32712E-01
762,7.12969E-02, -9.17737E-01,  1.00000E-02, -1.32791E-01
763,7.15764E-02, -1.11453E+00,  1.00000E-02, -1.32835E-01
764,7.18629E-02, -1.30311E+00,  1.00000E-02, -1.32852E-01
765,7.21567E-02, -1.48396E+00,  1.00000E-02, -1.32848E-01
766,7.24580E-02, -1.65846E+00,  1.00000E-02, -1.32824E-01
767,7.27669E-02, -1.82810E+00,  1.00000E-02, -1.32780E-01
768,7.30837E-02, -1.99424E+00,  1.00000E-02, -1.32713E-01
769,7.34084E-02, -2.15797E+00,  1.00000E-02, -1.32622E-01
770,7.37415E-02, -2.32015E+00,  1.00000E-02, -1.32504E-01
771,7.40829E-02, -2.48144E+00,  1.00000E-02, -1.32357E-01
772,7.44331E-02, -2.64234E+00,  1.00000E-02, -1.32178E-01
773,7.47921E-02, -2.80329E+00,  1.00000E-02, -1.31965E-01
774,7.51602E-02, -2.96471E+00,  1.00000E-02, -1.31716E-01
775,7.55377E-02, -3.12700E+00,  1.00000E-02, -1.31427E-01
776,7.59247E-02, -3.29063E+00,  1.00000E-02, -1.31098E-01
777,7.63216E-02, -3.45621E+00,  1.00000E-02, -1.30725E-01
778,7.67285E-02, -3.62456E+00,  1.00000E-02, -1.30307E-01
779,7.71458E-02, -3.79684E+00,  1.00000E-02, -1.29842E-01
780,7.75736E-02, -3.97473E+00,  1.00000E-02, -1.29330E-01
781,7.80123E-02, -4.16062E+00,  1.00000E-02, -1.28769E-01
782,7.84621E-02, -4.35788E+00,  1.00000E-02, -1.28158E-01
783,7.89234E-02, -4.57114E+00,  1.00000E-02, -1.27495E-01
784,7.93963E-02, -4.80665E+00,  1.00000E-02, -1.26779E-01
785,7.98812E-02, -5.07247E+00,  1.00000E-02, -1.26004E-01
786,8.03785E-02, -5.37868E+00,  1.00000E-02, -1.25161E-01
787,8.08883E-02, -5.73715E+00,  1.00000E-02, -1.24231E-01
788,8.14111E-02, -6.16088E+00,  1.00000E-02, -1.23184E-01
789,8.19472E-02, -6.66255E+00,  1.00000E-02, -1.21967E-01
790,8.24968E-02, -7.25204E+00,  1.00000E-02, -1.20500E-01
791,8.30604E-02, -7.93278E+00,  1.00000E-02, -1.18666E-01
792,8.36383E-02, -8.69723E+00,  1.00000E-02, -1.16302E-01
793,8.42308E-02, -9.52245E+00,  1.00000E-02, -1.13196E-01
794,8.48384E-02, -1.03675E+01,  1.00000E-02, -1.09103E-01
795,8.54614E-02, -1.11742E+01,  1.00000E-02, -1.03764E-01
796,8.61002E-02, -1.18727E+01,  1.00000E-02, -9.69604E-02
797,8.67553E-02, -1.23894E+01,  1.00000E-02, -8.85487E-02
798,8.74269E-02, -1.26597E+01,  1.00000E-02, -7.85036E-02
799,8.81156E-02, -1.26345E+01,  1.00000E-02, -6.69999E-02
800,8.88217E-02, -1.22765E+01,  1.00000E-02, -5.43543E-02
801,8.95458E-02, -1.15719E+01,  1.00000E-02, -4.09901E-02
802,9.02882E-02, -1.05395E+01,  1.00000E-02, -2.74351E-02
803,9.10495E-02, -9.22287E+00,  1.00000E-02, -1.42355E-02
804,9.18300E-02, -7.68344E+00,  1.00000E-02, -1.90282E-03
805,9.26304E-02, -5.99214E+00,  1.00000E-02,  9.12974E-03
806,9.34511E-02, -4.22381E+00,  1.00000E-02,  1.85782E-02
807,9.42926E-02, -2.44937E+00,  1.00000E-02,  2.62271E-02
808,9.51555E-02, -7.38575E-01,  1.00000E-02,  3.21153E-02
809,9.60402E-02,  8.24367E-01,  1.00000E-02,  3.62320E-02
810,9.69474E-02,  2.17098E+00,  1.00000E-02,  3.86141E-02
811,9.78776E-02,  3.28416E+00,  1.00000E-02,  3.96350E-02
812,9.88314E-02,  4.17410E+00,  1.00000E-02,  3.96036E-02
813,9.98094E-02,  4.85584E+00,  1.00000E-02,  3.88346E-02
814,1.00812E-01,  5.35060E+00,  1.00000E-02,  3.75804E-02
815,1.01840E-01,  5.68438E+00,  1.00000E-02,  3.60653E-02
816,1.02895E-01,  5.88560E+00,  1.00000E-02,  3.44455E-02
817,1.03976E-01,  5.98315E+00,  1.00000E-02,  3.28447E-02
818,1.05084E-01,  6.00418E+00,  1.00000E-02,  3.13244E-02
819,1.06221E-01,  5.97222E+00,  1.00000E-02,  2.99349E-02
820,1.07387E-01,  5.90704E+00,  1.00000E-02,  2.87040E-02
821,1.08582E-01,  5.82541E+00,  1.00000E-02,  2.76110E-02
822,1.09807E-01,  5.74017E+00,  1.00000E-02,  2.66308E-02
823,1.11063E-01,  5.66006E+00,  1.00000E-02,  2.57280E-02
824,1.12352E-01,  5.59073E+00,  1.00000E-02,  2.48701E-02
825,1.13673E-01,  5.53536E+00,  1.00000E-02,  2.40241E-02
826,1.15027E-01,  5.49528E+00,  1.00000E-02,  2.31616E-02
827,1.16416E-01,  5.47037E+00,  1.00000E-02,  2.22572E-02
828,1.17840E-01,  5.45963E+00,  1.00000E-02,  2.12905E-02
829,1.19301E-01,  5.46153E+00,  1.00000E-02,  2.02450E-02
830,1.20798E-01,  5.47393E+00,  1.00000E-02,  1.91090E-02
831,1.22333E-01,  5.49424E+00,  1.00000E-02,  1.78761E-02
832,1.23907E-01,  5.51999E+00,  1.00000E-02,  1.65398E-02
833,1.25522E-01,  5.54901E+00,  1.00000E-02,  1.50994E-02
834,1.27177E-01,  5.57943E+00,  1.00000E-02,  1.35523E-02
835,1.28874E-01,  5.60973E+00,  1.00000E-02,  1.19031E-02
836,1.30614E-01,  5.63875E+00,  1.00000E-02,  1.01508E-02
837,1.32398E-01,  5.66568E+00,  1.00000E-02,  8.30349E-03
838,1.34228E-01,  5.68983E+00,  1.00000E-02,  6.35966E-03
839,1.36104E-01,  5.71039E+00,  1.00000E-02,  4.32830E-03
840,1.38028E-01,  5.72648E+00,  1.00000E-02,  2.20923E-03
841,1.40000E-01,  5.73331E+00,  1.00000E-02,  1.33056E-05
