 1,9.32394E-44,  5.83562E+00,  1.00000E-02,  1.18928E+00
 2,1.30767E-03,  5.83770E+00,  1.00000E-02,  1.18771E+00
 3,2.53992E-03,  5.84157E+00,  1.00000E-02,  1.18622E+00
 4,3.70108E-03,  5.84511E+00,  1.00000E-02,  1.18481E+00
 5,4.79527E-03,  5.84875E+00,  1.00000E-02,  1.18349E+00
 6,5.82634E-03,  5.85271E+00,  1.00000E-02,  1.18223E+00
 7,6.79794E-03,  5.85715E+00,  1.00000E-02,  1.18105E+00
 8,7.71349E-03,  5.86220E+00,  1.00000E-02,  1.17993E+00
 9,8.57623E-03,  5.86792E+00,  1.00000E-02,  1.17887E+00
10,9.38921E-03,  5.87439E+00,  1.00000E-02,  1.17787E+00
11,1.01553E-02,  5.88165E+00,  1.00000E-02,  1.17693E+00
12,1.08772E-02,  5.88976E+00,  1.00000E-02,  1.17603E+00
13,1.15574E-02,  5.89874E+00,  1.00000E-02,  1.17518E+00
14,1.21985E-02,  5.90862E+00,  1.00000E-02,  1.17437E+00
15,1.28025E-02,  5.91943E+00,  1.00000E-02,  1.17361E+00
16,1.33717E-02,  5.93120E+00,  1.00000E-02,  1.17288E+00
17,1.39081E-02,  5.94396E+00,  1.00000E-02,  1.17219E+00
18,1.44135E-02,  5.95773E+00,  1.00000E-02,  1.17153E+00
19,1.48898E-02,  5.97255E+00,  1.00000E-02,  1.17091E+00
20,1.53386E-02,  5.98848E+00,  1.00000E-02,  1.17032E+00
21,1.57615E-02,  6.00557E+00,  1.00000E-02,  1.16975E+00
22,1.61600E-02,  6.02392E+00,  1.00000E-02,  1.16921E+00
23,1.65355E-02,  6.04362E+00,  1.00000E-02,  1.16870E+00
24,1.68894E-02,  6.06482E+00,  1.00000E-02,  1.16821E+00
25,1.72228E-02,  6.08770E+00,  1.00000E-02,  1.16774E+00
26,1.75371E-02,  6.11250E+00,  1.00000E-02,  1.16729E+00
27,1.78332E-02,  6.13954E+00,  1.00000E-02,  1.16687E+00
28,1.81122E-02,  6.16923E+00,  1.00000E-02,  1.16646E+00
29,1.83751E-02,  6.20217E+00,  1.00000E-02,  1.16607E+00
30,1.86229E-02,  6.23914E+00,  1.00000E-02,  1.16570E+00
31,1.88563E-02,  6.28129E+00,  1.00000E-02,  1.16534E+00
32,1.90763E-02,  6.33005E+00,  1.00000E-02,  1.16501E+00
33,1.92836E-02,  6.38769E+00,  1.00000E-02,  1.16468E+00
34,1.94790E-02,  6.46328E+00,  1.00000E-02,  1.16442E+00
35,1.96631E-02,  6.59113E+00,  1.00000E-02,  1.16436E+00
36,1.98365E-02,  6.82400E+00,  1.00000E-02,  1.16445E+00
37,2.00000E-02,  6.99754E+00,  1.00000E-02,  1.16250E+00
38,2.00784E-02,  6.86048E+00,  1.00123E-02,  1.15885E+00
39,2.01567E-02,  6.53214E+00,  1.00246E-02,  1.15841E+00
40,2.02351E-02,  6.23567E+00,  1.00369E-02,  1.15906E+00
41,2.03134E-02,  6.01039E+00,  1.00488E-02,  1.15979E+00
42,2.03918E-02,  5.83800E+00,  1.00608E-02,  1.16025E+00
43,2.04702E-02,  5.69748E+00,  1.00727E-02,  1.16057E+00
44,2.05487E-02,  5.57750E+00,  1.00843E-02,  1.16078E+00
45,2.06271E-02,  5.46759E+00,  1.00959E-02,  1.16090E+00
46,2.07055E-02,  5.36456E+00,  1.01075E-02,  1.16105E+00
47,2.07840E-02,  5.27032E+00,  1.01187E-02,  1.16120E+00
48,2.08625E-02,  5.18153E+00,  1.01299E-02,  1.16131E+00
49,2.09410E-02,  5.09763E+00,  1.01412E-02,  1.16145E+00
50,2.10195E-02,  5.02100E+00,  1.01521E-02,  1.16160E+00
51,2.10980E-02,  4.94845E+00,  1.01630E-02,  1.16170E+00
52,2.11766E-02,  4.87941E+00,  1.01739E-02,  1.16184E+00
53,2.12551E-02,  4.81617E+00,  1.01844E-02,  1.16197E+00
54,2.13337E-02,  4.75581E+00,  1.01949E-02,  1.16206E+00
55,2.14123E-02,  4.69790E+00,  1.02055E-02,  1.16219E+00
56,2.14909E-02,  4.64477E+00,  1.02156E-02,  1.16231E+00
57,2.15695E-02,  4.59372E+00,  1.02258E-02,  1.16240E+00
58,2.16481E-02,  4.54444E+00,  1.02360E-02,  1.16252E+00
59,2.17267E-02,  4.49925E+00,  1.02458E-02,  1.16263E+00
60,2.18054E-02,  4.45559E+00,  1.02557E-02,  1.16271E+00
61,2.18840E-02,  4.41323E+00,  1.02655E-02,  1.16282E+00
62,2.19627E-02,  4.37445E+00,  1.02750E-02,  1.16293E+00
63,2.20414E-02,  4.33682E+00,  1.02845E-02,  1.16300E+00
64,2.21200E-02,  4.30015E+00,  1.02939E-02,  1.16311E+00
65,2.21987E-02,  4.26668E+00,  1.03030E-02,  1.16321E+00
66,2.22775E-02,  4.23406E+00,  1.03122E-02,  1.16328E+00
67,2.23562E-02,  4.20216E+00,  1.03213E-02,  1.16338E+00
68,2.24349E-02,  4.17316E+00,  1.03301E-02,  1.16347E+00
69,2.25137E-02,  4.14479E+00,  1.03388E-02,  1.16354E+00
70,2.25924E-02,  4.11695E+00,  1.03476E-02,  1.16363E+00
71,2.26712E-02,  4.09177E+00,  1.03560E-02,  1.16372E+00
72,2.27500E-02,  4.06707E+00,  1.03644E-02,  1.16378E+00
73,2.28288E-02,  4.04273E+00,  1.03728E-02,  1.16387E+00
74,2.29076E-02,  4.02088E+00,  1.03809E-02,  1.16395E+00
75,2.29864E-02,  3.99935E+00,  1.03889E-02,  1.16401E+00
76,2.30652E-02,  3.97808E+00,  1.03970E-02,  1.16409E+00
77,2.31440E-02,  3.95914E+00,  1.04047E-02,  1.16417E+00
78,2.32229E-02,  3.94042E+00,  1.04124E-02,  1.16422E+00
79,2.33017E-02,  3.92185E+00,  1.04201E-02,  1.16430E+00
80,2.33806E-02,  3.90549E+00,  1.04274E-02,  1.16438E+00
81,2.34595E-02,  3.88926E+00,  1.04347E-02,  1.16442E+00
82,2.35383E-02,  3.87310E+00,  1.04421E-02,  1.16449E+00
83,2.36172E-02,  3.85905E+00,  1.04491E-02,  1.16457E+00
84,2.36961E-02,  3.84505E+00,  1.04560E-02,  1.16461E+00
85,2.37750E-02,  3.83107E+00,  1.04630E-02,  1.16468E+00
86,2.38539E-02,  3.81909E+00,  1.04696E-02,  1.16475E+00
87,2.39329E-02,  3.80710E+00,  1.04763E-02,  1.16479E+00
88,2.40118E-02,  3.79508E+00,  1.04829E-02,  1.16485E+00
89,2.40907E-02,  3.78500E+00,  1.04891E-02,  1.16491E+00
90,2.41697E-02,  3.77484E+00,  1.04954E-02,  1.16495E+00
91,2.42486E-02,  3.76461E+00,  1.05017E-02,  1.16501E+00
92,2.43276E-02,  3.75625E+00,  1.05076E-02,  1.16507E+00
93,2.44066E-02,  3.74777E+00,  1.05135E-02,  1.16510E+00
94,2.44855E-02,  3.73918E+00,  1.05194E-02,  1.16516E+00
95,2.45645E-02,  3.73241E+00,  1.05249E-02,  1.16522E+00
96,2.46435E-02,  3.72547E+00,  1.05305E-02,  1.16524E+00
97,2.47225E-02,  3.71840E+00,  1.05360E-02,  1.16530E+00
98,2.48015E-02,  3.71310E+00,  1.05412E-02,  1.16535E+00
99,2.48805E-02,  3.70760E+00,  1.05464E-02,  1.16537E+00
100,2.49595E-02,  3.70194E+00,  1.05516E-02,  1.16542E+00
101,2.50385E-02,  3.69801E+00,  1.05564E-02,  1.16547E+00
102,2.51176E-02,  3.69386E+00,  1.05612E-02,  1.16549E+00
103,2.51966E-02,  3.68953E+00,  1.05661E-02,  1.16554E+00
104,2.52756E-02,  3.68690E+00,  1.05705E-02,  1.16559E+00
105,2.53547E-02,  3.68401E+00,  1.05750E-02,  1.16560E+00
106,2.54337E-02,  3.68093E+00,  1.05795E-02,  1.16565E+00
107,2.55128E-02,  3.67953E+00,  1.05836E-02,  1.16569E+00
108,2.55918E-02,  3.67784E+00,  1.05877E-02,  1.16570E+00
109,2.56709E-02,  3.67594E+00,  1.05918E-02,  1.16574E+00
110,2.57499E-02,  3.67570E+00,  1.05955E-02,  1.16578E+00
111,2.58290E-02,  3.67515E+00,  1.05993E-02,  1.16579E+00
112,2.59081E-02,  3.67438E+00,  1.06030E-02,  1.16583E+00
113,2.59871E-02,  3.67523E+00,  1.06064E-02,  1.16586E+00
114,2.60662E-02,  3.67574E+00,  1.06098E-02,  1.16587E+00
115,2.61453E-02,  3.67601E+00,  1.06132E-02,  1.16590E+00
116,2.62244E-02,  3.67788E+00,  1.06162E-02,  1.16593E+00
117,2.63035E-02,  3.67938E+00,  1.06193E-02,  1.16594E+00
118,2.63826E-02,  3.68062E+00,  1.06223E-02,  1.16597E+00
119,2.64616E-02,  3.68345E+00,  1.06250E-02,  1.16599E+00
120,2.65407E-02,  3.68589E+00,  1.06276E-02,  1.16599E+00
121,2.66198E-02,  3.68806E+00,  1.06303E-02,  1.16602E+00
122,2.66989E-02,  3.69181E+00,  1.06326E-02,  1.16604E+00
123,2.67780E-02,  3.69515E+00,  1.06349E-02,  1.16604E+00
124,2.68571E-02,  3.69822E+00,  1.06372E-02,  1.16606E+00
125,2.69362E-02,  3.70286E+00,  1.06391E-02,  1.16609E+00
126,2.70153E-02,  3.70706E+00,  1.06411E-02,  1.16608E+00
127,2.70944E-02,  3.71099E+00,  1.06430E-02,  1.16610E+00
128,2.71735E-02,  3.71647E+00,  1.06446E-02,  1.16612E+00
129,2.72526E-02,  3.72150E+00,  1.06462E-02,  1.16611E+00
130,2.73318E-02,  3.72624E+00,  1.06478E-02,  1.16612E+00
131,2.74109E-02,  3.73254E+00,  1.06490E-02,  1.16614E+00
132,2.74900E-02,  3.73836E+00,  1.06502E-02,  1.16612E+00
133,2.75691E-02,  3.74388E+00,  1.06515E-02,  1.16614E+00
134,2.76482E-02,  3.75096E+00,  1.06523E-02,  1.16615E+00
135,2.77273E-02,  3.75754E+00,  1.06532E-02,  1.16613E+00
136,2.78064E-02,  3.76382E+00,  1.06540E-02,  1.16614E+00
137,2.78855E-02,  3.77165E+00,  1.06545E-02,  1.16615E+00
138,2.79646E-02,  3.77897E+00,  1.06550E-02,  1.16613E+00
139,2.80437E-02,  3.78599E+00,  1.06555E-02,  1.16614E+00
140,2.81228E-02,  3.79455E+00,  1.06557E-02,  1.16614E+00
141,2.82019E-02,  3.80259E+00,  1.06558E-02,  1.16612E+00
142,2.82810E-02,  3.81032E+00,  1.06560E-02,  1.16612E+00
143,2.83601E-02,  3.81961E+00,  1.06557E-02,  1.16612E+00
144,2.84392E-02,  3.82835E+00,  1.06555E-02,  1.16609E+00
145,2.85183E-02,  3.83678E+00,  1.06553E-02,  1.16609E+00
146,2.85974E-02,  3.84677E+00,  1.06547E-02,  1.16609E+00
147,2.86764E-02,  3.85619E+00,  1.06541E-02,  1.16606E+00
148,2.87555E-02,  3.86530E+00,  1.06536E-02,  1.16606E+00
149,2.88346E-02,  3.87597E+00,  1.06526E-02,  1.16605E+00
150,2.89137E-02,  3.88607E+00,  1.06517E-02,  1.16602E+00
151,2.89928E-02,  3.89583E+00,  1.06507E-02,  1.16601E+00
152,2.90718E-02,  3.90717E+00,  1.06494E-02,  1.16600E+00
153,2.91509E-02,  3.91791E+00,  1.06481E-02,  1.16596E+00
154,2.92299E-02,  3.92832E+00,  1.06468E-02,  1.16595E+00
155,2.93090E-02,  3.94031E+00,  1.06452E-02,  1.16594E+00
156,2.93880E-02,  3.95168E+00,  1.06435E-02,  1.16589E+00
157,2.94671E-02,  3.96271E+00,  1.06419E-02,  1.16588E+00
158,2.95461E-02,  3.97533E+00,  1.06398E-02,  1.16586E+00
159,2.96252E-02,  3.98732E+00,  1.06378E-02,  1.16582E+00
160,2.97042E-02,  3.99896E+00,  1.06358E-02,  1.16580E+00
161,2.97832E-02,  4.01222E+00,  1.06334E-02,  1.16578E+00
162,2.98623E-02,  4.02481E+00,  1.06310E-02,  1.16573E+00
163,2.99413E-02,  4.03707E+00,  1.06286E-02,  1.16571E+00
164,3.00203E-02,  4.05096E+00,  1.06259E-02,  1.16568E+00
165,3.00993E-02,  4.06417E+00,  1.06232E-02,  1.16563E+00
166,3.01783E-02,  4.07704E+00,  1.06204E-02,  1.16560E+00
167,3.02573E-02,  4.09156E+00,  1.06173E-02,  1.16557E+00
168,3.03363E-02,  4.10540E+00,  1.06142E-02,  1.16552E+00
169,3.04152E-02,  4.11891E+00,  1.06111E-02,  1.16549E+00
170,3.04942E-02,  4.13411E+00,  1.06077E-02,  1.16546E+00
171,3.05732E-02,  4.14861E+00,  1.06042E-02,  1.16539E+00
172,3.06521E-02,  4.16278E+00,  1.06007E-02,  1.16536E+00
173,3.07311E-02,  4.17866E+00,  1.05969E-02,  1.16533E+00
174,3.08100E-02,  4.19381E+00,  1.05931E-02,  1.16526E+00
175,3.08889E-02,  4.20863E+00,  1.05893E-02,  1.16523E+00
176,3.09679E-02,  4.22518E+00,  1.05851E-02,  1.16519E+00
177,3.10468E-02,  4.24096E+00,  1.05809E-02,  1.16512E+00
178,3.11257E-02,  4.25641E+00,  1.05768E-02,  1.16508E+00
179,3.12046E-02,  4.27363E+00,  1.05722E-02,  1.16504E+00
180,3.12835E-02,  4.29031E+00,  1.05677E-02,  1.16497E+00
181,3.13624E-02,  4.30707E+00,  1.05632E-02,  1.16494E+00
182,3.14412E-02,  4.32519E+00,  1.05583E-02,  1.16491E+00
183,3.15201E-02,  4.34207E+00,  1.05534E-02,  1.16484E+00
184,3.15989E-02,  4.35887E+00,  1.05485E-02,  1.16481E+00
185,3.16778E-02,  4.37763E+00,  1.05432E-02,  1.16477E+00
186,3.17566E-02,  4.39569E+00,  1.05380E-02,  1.16470E+00
187,3.18354E-02,  4.41354E+00,  1.05327E-02,  1.16466E+00
188,3.19142E-02,  4.43327E+00,  1.05271E-02,  1.16461E+00
189,3.19930E-02,  4.45223E+00,  1.05215E-02,  1.16454E+00
190,3.20718E-02,  4.47094E+00,  1.05159E-02,  1.16449E+00
191,3.21506E-02,  4.49153E+00,  1.05100E-02,  1.16444E+00
192,3.22294E-02,  4.51128E+00,  1.05040E-02,  1.16436E+00
193,3.23081E-02,  4.53079E+00,  1.04980E-02,  1.16431E+00
194,3.23869E-02,  4.55215E+00,  1.04917E-02,  1.16425E+00
195,3.24656E-02,  4.57264E+00,  1.04854E-02,  1.16416E+00
196,3.25443E-02,  4.59287E+00,  1.04791E-02,  1.16410E+00
197,3.26230E-02,  4.61497E+00,  1.04724E-02,  1.16405E+00
198,3.27017E-02,  4.63615E+00,  1.04658E-02,  1.16395E+00
199,3.27804E-02,  4.65707E+00,  1.04591E-02,  1.16389E+00
200,3.28591E-02,  4.67987E+00,  1.04521E-02,  1.16382E+00
201,3.29377E-02,  4.70171E+00,  1.04450E-02,  1.16372E+00
202,3.30164E-02,  4.72329E+00,  1.04380E-02,  1.16365E+00
203,3.30950E-02,  4.74677E+00,  1.04306E-02,  1.16358E+00
204,3.31736E-02,  4.76925E+00,  1.04232E-02,  1.16348E+00
205,3.32522E-02,  4.79148E+00,  1.04159E-02,  1.16340E+00
206,3.33308E-02,  4.81562E+00,  1.04081E-02,  1.16333E+00
207,3.34094E-02,  4.83874E+00,  1.04004E-02,  1.16322E+00
208,3.34880E-02,  4.86162E+00,  1.03926E-02,  1.16314E+00
209,3.35665E-02,  4.88642E+00,  1.03846E-02,  1.16306E+00
210,3.36450E-02,  4.91016E+00,  1.03765E-02,  1.16294E+00
211,3.37236E-02,  4.93368E+00,  1.03684E-02,  1.16285E+00
212,3.38021E-02,  4.95916E+00,  1.03599E-02,  1.16277E+00
213,3.38806E-02,  4.98353E+00,  1.03515E-02,  1.16264E+00
214,3.39590E-02,  5.00770E+00,  1.03431E-02,  1.16255E+00
215,3.40375E-02,  5.03384E+00,  1.03343E-02,  1.16246E+00
216,3.41159E-02,  5.05885E+00,  1.03255E-02,  1.16233E+00
217,3.41944E-02,  5.08367E+00,  1.03167E-02,  1.16224E+00
218,3.42728E-02,  5.11049E+00,  1.03075E-02,  1.16214E+00
219,3.43512E-02,  5.13614E+00,  1.02984E-02,  1.16200E+00
220,3.44296E-02,  5.16162E+00,  1.02893E-02,  1.16190E+00
221,3.45079E-02,  5.18914E+00,  1.02798E-02,  1.16180E+00
222,3.45862E-02,  5.21544E+00,  1.02703E-02,  1.16166E+00
223,3.46646E-02,  5.24160E+00,  1.02608E-02,  1.16155E+00
224,3.47429E-02,  5.26982E+00,  1.02509E-02,  1.16144E+00
225,3.48212E-02,  5.29680E+00,  1.02411E-02,  1.16129E+00
226,3.48995E-02,  5.32364E+00,  1.02312E-02,  1.16118E+00
227,3.49777E-02,  5.35258E+00,  1.02211E-02,  1.16107E+00
228,3.50559E-02,  5.38024E+00,  1.02109E-02,  1.16091E+00
229,3.51342E-02,  5.40778E+00,  1.02007E-02,  1.16079E+00
230,3.52124E-02,  5.43746E+00,  1.01901E-02,  1.16067E+00
231,3.52906E-02,  5.46582E+00,  1.01796E-02,  1.16051E+00
232,3.53687E-02,  5.49408E+00,  1.01691E-02,  1.16038E+00
233,3.54469E-02,  5.52451E+00,  1.01582E-02,  1.16026E+00
234,3.55250E-02,  5.55359E+00,  1.01473E-02,  1.16009E+00
235,3.56031E-02,  5.58259E+00,  1.01364E-02,  1.15996E+00
236,3.56812E-02,  5.61380E+00,  1.01252E-02,  1.15982E+00
237,3.57593E-02,  5.64361E+00,  1.01139E-02,  1.15965E+00
238,3.58374E-02,  5.67337E+00,  1.01027E-02,  1.15951E+00
239,3.59154E-02,  5.70538E+00,  1.00911E-02,  1.15937E+00
240,3.59934E-02,  5.73594E+00,  1.00796E-02,  1.15919E+00
241,3.60714E-02,  5.76648E+00,  1.00680E-02,  1.15905E+00
242,3.61493E-02,  5.79930E+00,  1.00561E-02,  1.15890E+00
243,3.62273E-02,  5.83065E+00,  1.00441E-02,  1.15871E+00
244,3.63052E-02,  5.86199E+00,  1.00322E-02,  1.15856E+00
245,3.63831E-02,  5.89565E+00,  1.00200E-02,  1.15841E+00
246,3.64610E-02,  5.92779E+00,  1.00077E-02,  1.15821E+00
247,3.65389E-02,  5.95996E+00,  9.99543E-03,  1.15805E+00
248,3.66167E-02,  5.99449E+00,  9.98283E-03,  1.15789E+00
249,3.66946E-02,  6.02746E+00,  9.97022E-03,  1.15769E+00
250,3.67724E-02,  6.06047E+00,  9.95762E-03,  1.15752E+00
251,3.68502E-02,  6.09590E+00,  9.94468E-03,  1.15736E+00
252,3.69279E-02,  6.12971E+00,  9.93173E-03,  1.15714E+00
253,3.70057E-02,  6.16360E+00,  9.91879E-03,  1.15697E+00
254,3.70834E-02,  6.19995E+00,  9.90550E-03,  1.15680E+00
255,3.71611E-02,  6.23464E+00,  9.89222E-03,  1.15658E+00
256,3.72388E-02,  6.26942E+00,  9.87894E-03,  1.15640E+00
257,3.73164E-02,  6.30673E+00,  9.86531E-03,  1.15622E+00
258,3.73940E-02,  6.34232E+00,  9.85169E-03,  1.15599E+00
259,3.74716E-02,  6.37804E+00,  9.83807E-03,  1.15580E+00
260,3.75492E-02,  6.41632E+00,  9.82411E-03,  1.15561E+00
261,3.76267E-02,  6.45284E+00,  9.81015E-03,  1.15537E+00
262,3.77043E-02,  6.48952E+00,  9.79620E-03,  1.15518E+00
263,3.77818E-02,  6.52882E+00,  9.78190E-03,  1.15498E+00
264,3.78593E-02,  6.56630E+00,  9.76761E-03,  1.15474E+00
265,3.79367E-02,  6.60398E+00,  9.75331E-03,  1.15453E+00
266,3.80142E-02,  6.64432E+00,  9.73869E-03,  1.15433E+00
267,3.80916E-02,  6.68280E+00,  9.72406E-03,  1.15407E+00
268,3.81690E-02,  6.72151E+00,  9.70943E-03,  1.15386E+00
269,3.82463E-02,  6.76294E+00,  9.69447E-03,  1.15365E+00
270,3.83237E-02,  6.80245E+00,  9.67951E-03,  1.15338E+00
271,3.84010E-02,  6.84221E+00,  9.66455E-03,  1.15316E+00
272,3.84783E-02,  6.88476E+00,  9.64926E-03,  1.15294E+00
273,3.85555E-02,  6.92534E+00,  9.63397E-03,  1.15267E+00
274,3.86328E-02,  6.96621E+00,  9.61867E-03,  1.15244E+00
275,3.87100E-02,  7.00992E+00,  9.60305E-03,  1.15221E+00
276,3.87871E-02,  7.05160E+00,  9.58743E-03,  1.15192E+00
277,3.88643E-02,  7.09361E+00,  9.57181E-03,  1.15168E+00
278,3.89414E-02,  7.13852E+00,  9.55586E-03,  1.15144E+00
279,3.90185E-02,  7.18135E+00,  9.53991E-03,  1.15115E+00
280,3.90956E-02,  7.22454E+00,  9.52396E-03,  1.15090E+00
281,3.91727E-02,  7.27070E+00,  9.50768E-03,  1.15065E+00
282,3.92497E-02,  7.31472E+00,  9.49140E-03,  1.15034E+00
283,3.93267E-02,  7.35913E+00,  9.47513E-03,  1.15009E+00
284,3.94037E-02,  7.40660E+00,  9.45853E-03,  1.14983E+00
285,3.94806E-02,  7.45184E+00,  9.44193E-03,  1.14951E+00
286,3.95576E-02,  7.49753E+00,  9.42532E-03,  1.14924E+00
287,3.96344E-02,  7.54634E+00,  9.40840E-03,  1.14897E+00
288,3.97113E-02,  7.59287E+00,  9.39147E-03,  1.14864E+00
289,3.97882E-02,  7.63989E+00,  9.37455E-03,  1.14837E+00
290,3.98649E-02,  7.69010E+00,  9.35730E-03,  1.14809E+00
291,3.99417E-02,  7.73796E+00,  9.34006E-03,  1.14774E+00
292,4.00185E-02,  7.78636E+00,  9.32281E-03,  1.14746E+00
293,4.00952E-02,  7.83803E+00,  9.30524E-03,  1.14716E+00
294,4.01719E-02,  7.88729E+00,  9.28768E-03,  1.14681E+00
295,4.02486E-02,  7.93713E+00,  9.27011E-03,  1.14651E+00
296,4.03252E-02,  7.99032E+00,  9.25223E-03,  1.14621E+00
297,4.04018E-02,  8.04104E+00,  9.23434E-03,  1.14584E+00
298,4.04784E-02,  8.09239E+00,  9.21646E-03,  1.14553E+00
299,4.05549E-02,  8.14718E+00,  9.19826E-03,  1.14522E+00
300,4.06314E-02,  8.19944E+00,  9.18006E-03,  1.14484E+00
301,4.07080E-02,  8.25236E+00,  9.16186E-03,  1.14451E+00
302,4.07844E-02,  8.30884E+00,  9.14334E-03,  1.14418E+00
303,4.08608E-02,  8.36270E+00,  9.12483E-03,  1.14379E+00
304,4.09373E-02,  8.41731E+00,  9.10631E-03,  1.14346E+00
305,4.10136E-02,  8.47560E+00,  9.08749E-03,  1.14311E+00
306,4.10899E-02,  8.53121E+00,  9.06866E-03,  1.14271E+00
307,4.11663E-02,  8.58763E+00,  9.04983E-03,  1.14236E+00
308,4.12425E-02,  8.64786E+00,  9.03070E-03,  1.14201E+00
309,4.13188E-02,  8.70533E+00,  9.01156E-03,  1.14159E+00
310,4.13950E-02,  8.76369E+00,  8.99242E-03,  1.14123E+00
311,4.14712E-02,  8.82600E+00,  8.97298E-03,  1.14086E+00
312,4.15474E-02,  8.88548E+00,  8.95354E-03,  1.14043E+00
313,4.16235E-02,  8.94595E+00,  8.93409E-03,  1.14005E+00
314,4.16996E-02,  9.01049E+00,  8.91434E-03,  1.13967E+00
315,4.17757E-02,  9.07213E+00,  8.89459E-03,  1.13923E+00
316,4.18517E-02,  9.13485E+00,  8.87484E-03,  1.13884E+00
317,4.19277E-02,  9.20177E+00,  8.85479E-03,  1.13845E+00
318,4.20037E-02,  9.26570E+00,  8.83474E-03,  1.13798E+00
319,4.20797E-02,  9.33077E+00,  8.81468E-03,  1.13758E+00
320,4.21555E-02,  9.40014E+00,  8.79433E-03,  1.13717E+00
321,4.22314E-02,  9.46631E+00,  8.77398E-03,  1.13669E+00
322,4.23073E-02,  9.53351E+00,  8.75362E-03,  1.13627E+00
323,4.23831E-02,  9.60486E+00,  8.73297E-03,  1.13585E+00
324,4.24589E-02,  9.67315E+00,  8.71232E-03,  1.13535E+00
325,4.25346E-02,  9.74436E+00,  8.69167E-03,  1.13494E+00
326,4.26103E-02,  9.81769E+00,  8.67072E-03,  1.13453E+00
327,4.26860E-02,  9.88451E+00,  8.64977E-03,  1.13404E+00
328,4.27617E-02,  9.95324E+00,  8.62882E-03,  1.13361E+00
329,4.28373E-02,  1.00268E+01,  8.60758E-03,  1.13317E+00
330,4.29129E-02,  1.00970E+01,  8.58634E-03,  1.13265E+00
331,4.29885E-02,  1.01687E+01,  8.56509E-03,  1.13220E+00
332,4.30639E-02,  1.02451E+01,  8.54356E-03,  1.13174E+00
333,4.31394E-02,  1.03180E+01,  8.52203E-03,  1.13120E+00
334,4.32149E-02,  1.03923E+01,  8.50050E-03,  1.13072E+00
335,4.32903E-02,  1.04714E+01,  8.47867E-03,  1.13024E+00
336,4.33657E-02,  1.05470E+01,  8.45685E-03,  1.12968E+00
337,4.34411E-02,  1.06239E+01,  8.43503E-03,  1.12918E+00
338,4.35164E-02,  1.07056E+01,  8.41293E-03,  1.12868E+00
339,4.35917E-02,  1.07837E+01,  8.39082E-03,  1.12809E+00
340,4.36670E-02,  1.08632E+01,  8.36871E-03,  1.12758E+00
341,4.37422E-02,  1.09476E+01,  8.34632E-03,  1.12705E+00
342,4.38173E-02,  1.10284E+01,  8.32393E-03,  1.12644E+00
343,4.38925E-02,  1.11105E+01,  8.30154E-03,  1.12590E+00
344,4.39676E-02,  1.11977E+01,  8.27887E-03,  1.12535E+00
345,4.40427E-02,  1.12811E+01,  8.25621E-03,  1.12472E+00
346,4.41178E-02,  1.13661E+01,  8.23354E-03,  1.12416E+00
347,4.41928E-02,  1.14561E+01,  8.21059E-03,  1.12359E+00
348,4.42678E-02,  1.15424E+01,  8.18765E-03,  1.12293E+00
349,4.43427E-02,  1.16301E+01,  8.16470E-03,  1.12234E+00
350,4.44176E-02,  1.17232E+01,  8.14148E-03,  1.12175E+00
351,4.44925E-02,  1.18124E+01,  8.11826E-03,  1.12106E+00
352,4.45674E-02,  1.19032E+01,  8.09504E-03,  1.12045E+00
353,4.46422E-02,  1.19994E+01,  8.07155E-03,  1.11983E+00
354,4.47170E-02,  1.20917E+01,  8.04806E-03,  1.11912E+00
355,4.47917E-02,  1.21856E+01,  8.02458E-03,  1.11849E+00
356,4.48664E-02,  1.22851E+01,  8.00082E-03,  1.11784E+00
357,4.49411E-02,  1.23806E+01,  7.97706E-03,  1.11710E+00
358,4.50158E-02,  1.24779E+01,  7.95331E-03,  1.11644E+00
359,4.50903E-02,  1.25808E+01,  7.92929E-03,  1.11577E+00
360,4.51649E-02,  1.26797E+01,  7.90527E-03,  1.11500E+00
361,4.52395E-02,  1.27805E+01,  7.88125E-03,  1.11431E+00
362,4.53139E-02,  1.28870E+01,  7.85697E-03,  1.11361E+00
363,4.53884E-02,  1.29895E+01,  7.83269E-03,  1.11281E+00
364,4.54629E-02,  1.30939E+01,  7.80841E-03,  1.11210E+00
365,4.55372E-02,  1.32043E+01,  7.78388E-03,  1.11136E+00
366,4.56116E-02,  1.33105E+01,  7.75935E-03,  1.11054E+00
367,4.56859E-02,  1.34188E+01,  7.73481E-03,  1.10979E+00
368,4.57602E-02,  1.35331E+01,  7.71003E-03,  1.10902E+00
369,4.58345E-02,  1.36434E+01,  7.68524E-03,  1.10816E+00
370,4.59087E-02,  1.37557E+01,  7.66045E-03,  1.10738E+00
371,4.59829E-02,  1.38742E+01,  7.63542E-03,  1.10659E+00
372,4.60570E-02,  1.39886E+01,  7.61038E-03,  1.10569E+00
373,4.61312E-02,  1.41052E+01,  7.58535E-03,  1.10488E+00
374,4.62052E-02,  1.42282E+01,  7.56007E-03,  1.10405E+00
375,4.62793E-02,  1.43470E+01,  7.53479E-03,  1.10312E+00
376,4.63533E-02,  1.44680E+01,  7.50952E-03,  1.10227E+00
377,4.64272E-02,  1.45957E+01,  7.48400E-03,  1.10141E+00
378,4.65012E-02,  1.47191E+01,  7.45848E-03,  1.10044E+00
379,4.65751E-02,  1.48448E+01,  7.43297E-03,  1.09955E+00
380,4.66490E-02,  1.49774E+01,  7.40721E-03,  1.09865E+00
381,4.67228E-02,  1.51057E+01,  7.38146E-03,  1.09765E+00
382,4.67966E-02,  1.52364E+01,  7.35571E-03,  1.09672E+00
383,4.68704E-02,  1.53742E+01,  7.32973E-03,  1.09578E+00
384,4.69441E-02,  1.55076E+01,  7.30374E-03,  1.09473E+00
385,4.70178E-02,  1.56436E+01,  7.27776E-03,  1.09377E+00
386,4.70914E-02,  1.57868E+01,  7.25155E-03,  1.09278E+00
387,4.71651E-02,  1.59256E+01,  7.22535E-03,  1.09169E+00
388,4.72387E-02,  1.60671E+01,  7.19914E-03,  1.09068E+00
389,4.73122E-02,  1.62160E+01,  7.17271E-03,  1.08965E+00
390,4.73857E-02,  1.63606E+01,  7.14628E-03,  1.08852E+00
391,4.74592E-02,  1.65080E+01,  7.11985E-03,  1.08746E+00
392,4.75327E-02,  1.66629E+01,  7.09321E-03,  1.08639E+00
393,4.76061E-02,  1.68136E+01,  7.06657E-03,  1.08520E+00
394,4.76795E-02,  1.69670E+01,  7.03992E-03,  1.08410E+00
395,4.77528E-02,  1.71284E+01,  7.01307E-03,  1.08298E+00
396,4.78261E-02,  1.72854E+01,  6.98621E-03,  1.08174E+00
397,4.78994E-02,  1.74454E+01,  6.95936E-03,  1.08059E+00
398,4.79726E-02,  1.76135E+01,  6.93230E-03,  1.07942E+00
399,4.80458E-02,  1.77772E+01,  6.90525E-03,  1.07813E+00
400,4.81190E-02,  1.79441E+01,  6.87819E-03,  1.07692E+00
401,4.81921E-02,  1.81193E+01,  6.85093E-03,  1.07569E+00
402,4.82652E-02,  1.82902E+01,  6.82367E-03,  1.07435E+00
403,4.83383E-02,  1.84643E+01,  6.79642E-03,  1.07309E+00
404,4.84114E-02,  1.86470E+01,  6.76897E-03,  1.07180E+00
405,4.84844E-02,  1.88254E+01,  6.74152E-03,  1.07040E+00
406,4.85574E-02,  1.90073E+01,  6.71407E-03,  1.06907E+00
407,4.86303E-02,  1.91978E+01,  6.68644E-03,  1.06773E+00
408,4.87032E-02,  1.93843E+01,  6.65880E-03,  1.06626E+00
409,4.87761E-02,  1.95743E+01,  6.63117E-03,  1.06487E+00
410,4.88489E-02,  1.97732E+01,  6.60335E-03,  1.06346E+00
411,4.89217E-02,  1.99682E+01,  6.57554E-03,  1.06193E+00
412,4.89945E-02,  2.01668E+01,  6.54772E-03,  1.06048E+00
413,4.90672E-02,  2.03746E+01,  6.51973E-03,  1.05900E+00
414,4.91399E-02,  2.05786E+01,  6.49175E-03,  1.05739E+00
415,4.92126E-02,  2.07863E+01,  6.46376E-03,  1.05587E+00
416,4.92852E-02,  2.10036E+01,  6.43560E-03,  1.05432E+00
417,4.93578E-02,  2.12171E+01,  6.40745E-03,  1.05264E+00
418,4.94304E-02,  2.14347E+01,  6.37930E-03,  1.05104E+00
419,4.95029E-02,  2.16620E+01,  6.35099E-03,  1.04941E+00
420,4.95754E-02,  2.18857E+01,  6.32267E-03,  1.04765E+00
421,4.96479E-02,  2.21136E+01,  6.29436E-03,  1.04597E+00
422,4.97203E-02,  2.23516E+01,  6.26590E-03,  1.04426E+00
423,4.97927E-02,  2.25861E+01,  6.23744E-03,  1.04242E+00
424,4.98652E-02,  2.28250E+01,  6.20897E-03,  1.04065E+00
425,4.99375E-02,  2.30742E+01,  6.18037E-03,  1.03886E+00
426,5.00098E-02,  2.33202E+01,  6.15176E-03,  1.03693E+00
427,5.00821E-02,  2.35708E+01,  6.12316E-03,  1.03508E+00
428,5.01544E-02,  2.38318E+01,  6.09442E-03,  1.03319E+00
429,5.02266E-02,  2.40901E+01,  6.06568E-03,  1.03117E+00
430,5.02988E-02,  2.43530E+01,  6.03694E-03,  1.02922E+00
431,5.03710E-02,  2.46267E+01,  6.00808E-03,  1.02723E+00
432,5.04431E-02,  2.48979E+01,  5.97921E-03,  1.02511E+00
433,5.05152E-02,  2.51740E+01,  5.95035E-03,  1.02306E+00
434,5.05873E-02,  2.54611E+01,  5.92137E-03,  1.02097E+00
435,5.06593E-02,  2.57461E+01,  5.89239E-03,  1.01874E+00
436,5.07314E-02,  2.60362E+01,  5.86341E-03,  1.01658E+00
437,5.08034E-02,  2.63374E+01,  5.83432E-03,  1.01438E+00
438,5.08753E-02,  2.66371E+01,  5.80523E-03,  1.01204E+00
439,5.09473E-02,  2.69421E+01,  5.77615E-03,  1.00976E+00
440,5.10192E-02,  2.72583E+01,  5.74696E-03,  1.00744E+00
441,5.10911E-02,  2.75735E+01,  5.71778E-03,  1.00499E+00
442,5.11630E-02,  2.78944E+01,  5.68860E-03,  1.00259E+00
443,5.12348E-02,  2.82265E+01,  5.65933E-03,  1.00014E+00
444,5.13066E-02,  2.85583E+01,  5.63006E-03,  9.97559E-01
445,5.13784E-02,  2.88959E+01,  5.60079E-03,  9.95020E-01
446,5.14501E-02,  2.92448E+01,  5.57145E-03,  9.92436E-01
447,5.15218E-02,  2.95942E+01,  5.54210E-03,  9.89724E-01
448,5.15936E-02,  2.99498E+01,  5.51276E-03,  9.87042E-01
449,5.16652E-02,  3.03165E+01,  5.48336E-03,  9.84312E-01
450,5.17369E-02,  3.06847E+01,  5.45395E-03,  9.81457E-01
451,5.18085E-02,  3.10592E+01,  5.42454E-03,  9.78622E-01
452,5.18801E-02,  3.14449E+01,  5.39509E-03,  9.75736E-01
453,5.19517E-02,  3.18330E+01,  5.36563E-03,  9.72730E-01
454,5.20233E-02,  3.22277E+01,  5.33618E-03,  9.69730E-01
455,5.20948E-02,  3.26334E+01,  5.30668E-03,  9.66677E-01
456,5.21663E-02,  3.30428E+01,  5.27719E-03,  9.63510E-01
457,5.22378E-02,  3.34590E+01,  5.24770E-03,  9.60333E-01
458,5.23093E-02,  3.38861E+01,  5.21818E-03,  9.57101E-01
459,5.23807E-02,  3.43181E+01,  5.18867E-03,  9.53762E-01
460,5.24522E-02,  3.47575E+01,  5.15915E-03,  9.50397E-01
461,5.25236E-02,  3.52072E+01,  5.12962E-03,  9.46972E-01
462,5.25950E-02,  3.56637E+01,  5.10010E-03,  9.43450E-01
463,5.26664E-02,  3.61279E+01,  5.07057E-03,  9.39882E-01
464,5.27377E-02,  3.66024E+01,  5.04105E-03,  9.36252E-01
465,5.28090E-02,  3.70858E+01,  5.01154E-03,  9.32537E-01
466,5.28804E-02,  3.75781E+01,  4.98202E-03,  9.28754E-01
467,5.29517E-02,  3.80809E+01,  4.95252E-03,  9.24906E-01
468,5.30229E-02,  3.85952E+01,  4.92302E-03,  9.20982E-01
469,5.30942E-02,  3.91182E+01,  4.89353E-03,  9.16935E-01
470,5.31655E-02,  3.96563E+01,  4.86407E-03,  9.12802E-01
471,5.32367E-02,  4.02107E+01,  4.83461E-03,  9.08643E-01
472,5.33080E-02,  4.07702E+01,  4.80515E-03,  9.04376E-01
473,5.33792E-02,  4.13363E+01,  4.77575E-03,  9.00043E-01
474,5.34504E-02,  4.19184E+01,  4.74636E-03,  8.95679E-01
475,5.35216E-02,  4.25100E+01,  4.71696E-03,  8.91150E-01
476,5.35927E-02,  4.31071E+01,  4.68763E-03,  8.86544E-01
477,5.36639E-02,  4.37237E+01,  4.65831E-03,  8.81929E-01
478,5.37350E-02,  4.43502E+01,  4.62899E-03,  8.77108E-01
479,5.38062E-02,  4.49801E+01,  4.59976E-03,  8.72203E-01
480,5.38773E-02,  4.56332E+01,  4.57054E-03,  8.67319E-01
481,5.39484E-02,  4.62967E+01,  4.54131E-03,  8.62180E-01
482,5.40195E-02,  4.69608E+01,  4.51220E-03,  8.56954E-01
483,5.40907E-02,  4.76524E+01,  4.48309E-03,  8.51784E-01
484,5.41618E-02,  4.83549E+01,  4.45399E-03,  8.46305E-01
485,5.42328E-02,  4.90548E+01,  4.42502E-03,  8.40732E-01
486,5.43039E-02,  4.97871E+01,  4.39605E-03,  8.35260E-01
487,5.43750E-02,  5.05311E+01,  4.36709E-03,  8.29415E-01
488,5.44461E-02,  5.12683E+01,  4.33829E-03,  8.23471E-01
489,5.45172E-02,  5.20437E+01,  4.30949E-03,  8.17679E-01
490,5.45882E-02,  5.28316E+01,  4.28069E-03,  8.11441E-01
491,5.46593E-02,  5.36078E+01,  4.25208E-03,  8.05098E-01
492,5.47304E-02,  5.44288E+01,  4.22347E-03,  7.98967E-01
493,5.48014E-02,  5.52635E+01,  4.19486E-03,  7.92309E-01
494,5.48725E-02,  5.60802E+01,  4.16647E-03,  7.85537E-01
495,5.49436E-02,  5.69494E+01,  4.13807E-03,  7.79049E-01
496,5.50147E-02,  5.78335E+01,  4.10968E-03,  7.71939E-01
497,5.50857E-02,  5.86922E+01,  4.08154E-03,  7.64708E-01
498,5.51568E-02,  5.96121E+01,  4.05340E-03,  7.57843E-01
499,5.52279E-02,  6.05485E+01,  4.02525E-03,  7.50250E-01
500,5.52990E-02,  6.14503E+01,  3.99739E-03,  7.42525E-01
501,5.53701E-02,  6.24235E+01,  3.96952E-03,  7.35262E-01
502,5.54411E-02,  6.34150E+01,  3.94166E-03,  7.27153E-01
503,5.55123E-02,  6.43608E+01,  3.91410E-03,  7.18900E-01
504,5.55834E-02,  6.53896E+01,  3.88655E-03,  7.11219E-01
505,5.56545E-02,  6.64390E+01,  3.85900E-03,  7.02558E-01
506,5.57256E-02,  6.74292E+01,  3.83179E-03,  6.93740E-01
507,5.57968E-02,  6.85157E+01,  3.80458E-03,  6.85621E-01
508,5.58679E-02,  6.96256E+01,  3.77738E-03,  6.76373E-01
509,5.59391E-02,  7.06599E+01,  3.75056E-03,  6.66952E-01
510,5.60103E-02,  7.18059E+01,  3.72373E-03,  6.58374E-01
511,5.60814E-02,  7.29785E+01,  3.69691E-03,  6.48502E-01
512,5.61527E-02,  7.40561E+01,  3.67051E-03,  6.38442E-01
513,5.62239E-02,  7.52628E+01,  3.64411E-03,  6.29384E-01
514,5.62951E-02,  7.65002E+01,  3.61771E-03,  6.18852E-01
515,5.63664E-02,  7.76192E+01,  3.59178E-03,  6.08114E-01
516,5.64377E-02,  7.88870E+01,  3.56585E-03,  5.98557E-01
517,5.65090E-02,  8.01906E+01,  3.53991E-03,  5.87331E-01
518,5.65803E-02,  8.13478E+01,  3.51449E-03,  5.75877E-01
519,5.66516E-02,  8.26763E+01,  3.48907E-03,  5.65805E-01
520,5.67230E-02,  8.40468E+01,  3.46365E-03,  5.53850E-01
521,5.67944E-02,  8.52377E+01,  3.43878E-03,  5.41648E-01
522,5.68658E-02,  8.66254E+01,  3.41392E-03,  5.31044E-01
523,5.69372E-02,  8.80623E+01,  3.38906E-03,  5.18329E-01
524,5.70087E-02,  8.92807E+01,  3.36480E-03,  5.05349E-01
525,5.70801E-02,  9.07243E+01,  3.34055E-03,  4.94201E-01
526,5.71516E-02,  9.22262E+01,  3.31629E-03,  4.80701E-01
527,5.72232E-02,  9.34635E+01,  3.29270E-03,  4.66919E-01
528,5.72948E-02,  9.49581E+01,  3.26911E-03,  4.55220E-01
529,5.73663E-02,  9.65218E+01,  3.24551E-03,  4.40913E-01
530,5.74380E-02,  9.77671E+01,  3.22264E-03,  4.26312E-01
531,5.75096E-02,  9.93052E+01,  3.19977E-03,  4.14063E-01
532,5.75813E-02,  1.00926E+02,  3.17689E-03,  3.98936E-01
533,5.76530E-02,  1.02165E+02,  3.15480E-03,  3.83509E-01
534,5.77247E-02,  1.03737E+02,  3.13270E-03,  3.70719E-01
535,5.77965E-02,  1.05406E+02,  3.11061E-03,  3.54769E-01
536,5.78683E-02,  1.06623E+02,  3.08935E-03,  3.38521E-01
537,5.79402E-02,  1.08214E+02,  3.06810E-03,  3.25213E-01
538,5.80120E-02,  1.09923E+02,  3.04685E-03,  3.08446E-01
539,5.80839E-02,  1.11096E+02,  3.02650E-03,  2.91397E-01
540,5.81559E-02,  1.12690E+02,  3.00615E-03,  2.77608E-01
541,5.82278E-02,  1.14424E+02,  2.98580E-03,  2.60048E-01
542,5.82999E-02,  1.15528E+02,  2.96643E-03,  2.42235E-01
543,5.83719E-02,  1.17104E+02,  2.94706E-03,  2.28019E-01
544,5.84439E-02,  1.18846E+02,  2.92769E-03,  2.09708E-01
545,5.85161E-02,  1.19853E+02,  2.90936E-03,  1.91187E-01
546,5.85882E-02,  1.21384E+02,  2.89103E-03,  1.76620E-01
547,5.86603E-02,  1.23113E+02,  2.87271E-03,  1.57620E-01
548,5.87326E-02,  1.23990E+02,  2.85550E-03,  1.38472E-01
549,5.88048E-02,  1.25444E+02,  2.83829E-03,  1.23652E-01
550,5.88770E-02,  1.27135E+02,  2.82108E-03,  1.04049E-01
551,5.89494E-02,  1.27847E+02,  2.80507E-03,  8.43795E-02
552,5.90217E-02,  1.29188E+02,  2.78905E-03,  6.94294E-02
553,5.90940E-02,  1.30811E+02,  2.77304E-03,  4.93388E-02
554,5.91664E-02,  1.31321E+02,  2.75829E-03,  2.92815E-02
555,5.92388E-02,  1.32506E+02,  2.74355E-03,  1.43473E-02
556,5.93112E-02,  1.34027E+02,  2.72881E-03, -6.08669E-03
557,5.93837E-02,  1.34296E+02,  2.71541E-03, -2.63682E-02
558,5.94562E-02,  1.35280E+02,  2.70201E-03, -4.11170E-02
559,5.95286E-02,  1.36662E+02,  2.68861E-03, -6.17186E-02
560,5.96012E-02,  1.36654E+02,  2.67663E-03, -8.20315E-02
561,5.96737E-02,  1.37387E+02,  2.66466E-03, -9.64057E-02
562,5.97462E-02,  1.38594E+02,  2.65268E-03, -1.16969E-01
563,5.98188E-02,  1.38277E+02,  2.64220E-03, -1.37093E-01
564,5.98913E-02,  1.38709E+02,  2.63172E-03, -1.50888E-01
565,5.99639E-02,  1.39703E+02,  2.62124E-03, -1.71179E-01
566,6.00365E-02,  1.39050E+02,  2.61233E-03, -1.90871E-01
567,6.01091E-02,  1.39136E+02,  2.60342E-03, -2.03876E-01
568,6.01816E-02,  1.39881E+02,  2.59451E-03, -2.23640E-01
569,6.02542E-02,  1.38877E+02,  2.58724E-03, -2.42642E-01
570,6.03267E-02,  1.38579E+02,  2.57997E-03, -2.54646E-01
571,6.03993E-02,  1.39046E+02,  2.57270E-03, -2.73619E-01
572,6.04718E-02,  1.37681E+02,  2.56714E-03, -2.91665E-01
573,6.05443E-02,  1.36972E+02,  2.56157E-03, -3.02469E-01
574,6.06169E-02,  1.37128E+02,  2.55601E-03, -3.20368E-01
575,6.06893E-02,  1.35397E+02,  2.55221E-03, -3.37167E-01
576,6.07617E-02,  1.34262E+02,  2.54840E-03, -3.46471E-01
577,6.08342E-02,  1.34118E+02,  2.54460E-03, -3.62811E-01
578,6.09065E-02,  1.32110E+02,  2.54261E-03, -3.77820E-01
579,6.09788E-02,  1.30652E+02,  2.54063E-03, -3.85276E-01
580,6.10512E-02,  1.30249E+02,  2.53864E-03, -3.99831E-01
581,6.11233E-02,  1.27980E+02,  2.53851E-03, -4.12977E-01
582,6.11955E-02,  1.26187E+02,  2.53839E-03, -4.18610E-01
583,6.12677E-02,  1.25469E+02,  2.53826E-03, -4.31259E-01
584,6.13397E-02,  1.22927E+02,  2.54003E-03, -4.42430E-01
585,6.14117E-02,  1.20809E+02,  2.54179E-03, -4.46194E-01
586,6.14836E-02,  1.19754E+02,  2.54356E-03, -4.56812E-01
587,6.15554E-02,  1.16960E+02,  2.54725E-03, -4.65899E-01
588,6.16271E-02,  1.14550E+02,  2.55093E-03, -4.67780E-01
589,6.16989E-02,  1.13163E+02,  2.55462E-03, -4.76277E-01
590,6.17703E-02,  1.10157E+02,  2.56024E-03, -4.83226E-01
591,6.18418E-02,  1.07504E+02,  2.56587E-03, -4.83250E-01
592,6.19132E-02,  1.05809E+02,  2.57149E-03, -4.89597E-01
593,6.19844E-02,  1.02649E+02,  2.57906E-03, -4.94416E-01
594,6.20555E-02,  9.98098E+01,  2.58662E-03, -4.92659E-01
595,6.21266E-02,  9.78507E+01,  2.59419E-03, -4.96894E-01
596,6.21974E-02,  9.46031E+01,  2.60370E-03, -4.99659E-01
597,6.22682E-02,  9.16460E+01,  2.61321E-03, -4.96243E-01
598,6.23389E-02,  8.94830E+01,  2.62271E-03, -4.98471E-01
599,6.24093E-02,  8.62221E+01,  2.63415E-03, -4.99327E-01
600,6.24796E-02,  8.32223E+01,  2.64559E-03, -4.94422E-01
601,6.25500E-02,  8.09311E+01,  2.65703E-03, -4.94810E-01
602,6.26199E-02,  7.77382E+01,  2.67039E-03, -4.93957E-01
603,6.26898E-02,  7.47833E+01,  2.68374E-03, -4.87776E-01
604,6.27597E-02,  7.24601E+01,  2.69709E-03, -4.86534E-01
605,6.28291E-02,  6.94355E+01,  2.71233E-03, -4.84224E-01
606,6.28985E-02,  6.66430E+01,  2.72758E-03, -4.77009E-01
607,6.29679E-02,  6.44343E+01,  2.74282E-03, -4.74412E-01
608,6.30368E-02,  6.17320E+01,  2.75992E-03, -4.70918E-01
609,6.31057E-02,  5.92888E+01,  2.77702E-03, -4.63107E-01
610,6.31745E-02,  5.73634E+01,  2.79413E-03, -4.59640E-01
611,6.32429E-02,  5.50499E+01,  2.81305E-03, -4.56113E-01
612,6.33112E-02,  5.26367E+01,  2.83198E-03, -4.49498E-01
613,6.33795E-02,  5.02702E+01,  2.85091E-03, -4.48232E-01
614,6.34472E-02,  4.72960E+01,  2.87164E-03, -4.43404E-01
615,6.35150E-02,  4.41486E+01,  2.89236E-03, -4.33088E-01
616,6.35827E-02,  4.13221E+01,  2.91308E-03, -4.26247E-01
617,6.36498E-02,  3.83007E+01,  2.93556E-03, -4.18772E-01
618,6.37169E-02,  3.54151E+01,  2.95803E-03, -4.08769E-01
619,6.37840E-02,  3.29086E+01,  2.98051E-03, -4.01277E-01
620,6.38504E-02,  3.02444E+01,  3.00469E-03, -3.93650E-01
621,6.39169E-02,  2.76890E+01,  3.02887E-03, -3.83962E-01
622,6.39833E-02,  2.54622E+01,  3.05306E-03, -3.76468E-01
623,6.40491E-02,  2.31222E+01,  3.07890E-03, -3.68785E-01
624,6.41149E-02,  2.08653E+01,  3.10474E-03, -3.59694E-01
625,6.41807E-02,  1.88909E+01,  3.13058E-03, -3.52304E-01
626,6.42458E-02,  1.68501E+01,  3.15804E-03, -3.44808E-01
627,6.43109E-02,  1.48804E+01,  3.18550E-03, -3.36375E-01
628,6.43760E-02,  1.31458E+01,  3.21296E-03, -3.29240E-01
629,6.44404E-02,  1.13896E+01,  3.24198E-03, -3.22061E-01
630,6.45048E-02,  9.69977E+00,  3.27101E-03, -3.14347E-01
631,6.45692E-02,  8.19672E+00,  3.30004E-03, -3.07566E-01
632,6.46328E-02,  6.71036E+00,  3.33059E-03, -3.00806E-01
633,6.46965E-02,  5.29018E+00,  3.36115E-03, -2.93840E-01
634,6.47602E-02,  4.00856E+00,  3.39171E-03, -2.87484E-01
635,6.48231E-02,  2.77397E+00,  3.42375E-03, -2.81208E-01
636,6.48860E-02,  1.60795E+00,  3.45580E-03, -2.74996E-01
637,6.49489E-02,  5.34087E-01,  3.48784E-03, -2.69112E-01
638,6.50111E-02, -4.70413E-01,  3.52134E-03, -2.63356E-01
639,6.50732E-02, -1.40283E+00,  3.55483E-03, -2.57881E-01
640,6.51354E-02, -2.28577E+00,  3.58833E-03, -2.52491E-01
641,6.51968E-02, -3.08396E+00,  3.62324E-03, -2.47266E-01
642,6.52581E-02, -3.80603E+00,  3.65814E-03, -2.42497E-01
643,6.53195E-02, -4.51629E+00,  3.69305E-03, -2.37607E-01
644,6.53801E-02, -5.13263E+00,  3.72934E-03, -2.32906E-01
645,6.54406E-02, -5.66945E+00,  3.76563E-03, -2.28795E-01
646,6.55012E-02, -6.22662E+00,  3.80192E-03, -2.24396E-01
647,6.55610E-02, -6.68599E+00,  3.83956E-03, -2.20198E-01
648,6.56207E-02, -7.06360E+00,  3.87720E-03, -2.16688E-01
649,6.56805E-02, -7.48799E+00,  3.91483E-03, -2.12759E-01
650,6.57394E-02, -7.81476E+00,  3.95379E-03, -2.09032E-01
651,6.57983E-02, -8.05868E+00,  3.99274E-03, -2.06061E-01
652,6.58572E-02, -8.36997E+00,  4.03170E-03, -2.02574E-01
653,6.59152E-02, -8.58684E+00,  4.07194E-03, -1.99281E-01
654,6.59733E-02, -8.72099E+00,  4.11218E-03, -1.96785E-01
655,6.60313E-02, -8.93778E+00,  4.15242E-03, -1.93705E-01
656,6.60885E-02, -9.06535E+00,  4.19392E-03, -1.90804E-01
657,6.61457E-02, -9.11136E+00,  4.23542E-03, -1.88720E-01
658,6.62028E-02, -9.25037E+00,  4.27692E-03, -1.86011E-01
659,6.62591E-02, -9.30652E+00,  4.31965E-03, -1.83463E-01
660,6.63153E-02, -9.28307E+00,  4.36238E-03, -1.81731E-01
661,6.63716E-02, -9.35883E+00,  4.40511E-03, -1.79358E-01
662,6.64269E-02, -9.35869E+00,  4.44905E-03, -1.77122E-01
663,6.64823E-02, -9.28160E+00,  4.49299E-03, -1.75688E-01
664,6.65376E-02, -9.30653E+00,  4.53692E-03, -1.73614E-01
665,6.65920E-02, -9.26278E+00,  4.58204E-03, -1.71656E-01
666,6.66464E-02, -9.14534E+00,  4.62715E-03, -1.70473E-01
667,6.67008E-02, -9.13016E+00,  4.67227E-03, -1.68666E-01
668,6.67542E-02, -9.05355E+00,  4.71854E-03, -1.66953E-01
669,6.68077E-02, -8.90708E+00,  4.76481E-03, -1.65980E-01
670,6.68611E-02, -8.86132E+00,  4.81108E-03, -1.64411E-01
671,6.69135E-02, -8.76134E+00,  4.85847E-03, -1.62917E-01
672,6.69660E-02, -8.59587E+00,  4.90587E-03, -1.62121E-01
673,6.70184E-02, -8.52839E+00,  4.95327E-03, -1.60762E-01
674,6.70699E-02, -8.41375E+00,  5.00177E-03, -1.59461E-01
675,6.71213E-02, -8.23838E+00,  5.05027E-03, -1.58813E-01
676,6.71728E-02, -8.15761E+00,  5.09877E-03, -1.57639E-01
677,6.72232E-02, -8.03634E+00,  5.14835E-03, -1.56508E-01
678,6.72736E-02, -7.85923E+00,  5.19793E-03, -1.55982E-01
679,6.73240E-02, -7.77288E+00,  5.24751E-03, -1.54969E-01
680,6.73734E-02, -7.65208E+00,  5.29814E-03, -1.53985E-01
681,6.74227E-02, -7.48004E+00,  5.34878E-03, -1.53558E-01
682,6.74721E-02, -7.39461E+00,  5.39941E-03, -1.52681E-01
683,6.75204E-02, -7.27989E+00,  5.45107E-03, -1.51822E-01
684,6.75687E-02, -7.11795E+00,  5.50274E-03, -1.51474E-01
685,6.76170E-02, -7.03823E+00,  5.55440E-03, -1.50709E-01
686,6.76642E-02, -6.93334E+00,  5.60707E-03, -1.49953E-01
687,6.77114E-02, -6.78444E+00,  5.65974E-03, -1.49665E-01
688,6.77586E-02, -6.71317E+00,  5.71240E-03, -1.48990E-01
689,6.78047E-02, -6.61981E+00,  5.76605E-03, -1.48315E-01
690,6.78508E-02, -6.48477E+00,  5.81970E-03, -1.48070E-01
691,6.78969E-02, -6.42270E+00,  5.87335E-03, -1.47464E-01
692,6.79419E-02, -6.34063E+00,  5.92796E-03, -1.46853E-01
693,6.79869E-02, -6.21842E+00,  5.98256E-03, -1.46636E-01
694,6.80319E-02, -6.16452E+00,  6.03716E-03, -1.46083E-01
695,6.80757E-02, -6.09195E+00,  6.09270E-03, -1.45520E-01
696,6.81195E-02, -5.98016E+00,  6.14823E-03, -1.45320E-01
697,6.81634E-02, -5.93211E+00,  6.20377E-03, -1.44806E-01
698,6.82060E-02, -5.86618E+00,  6.26021E-03, -1.44278E-01
699,6.82487E-02, -5.76157E+00,  6.31665E-03, -1.44087E-01
700,6.82914E-02, -5.71630E+00,  6.37309E-03, -1.43602E-01
701,6.83329E-02, -5.65366E+00,  6.43041E-03, -1.43101E-01
702,6.83743E-02, -5.55270E+00,  6.48773E-03, -1.42914E-01
703,6.84158E-02, -5.50690E+00,  6.54505E-03, -1.42452E-01
704,6.84561E-02, -5.44413E+00,  6.60322E-03, -1.41973E-01
705,6.84964E-02, -5.34345E+00,  6.66140E-03, -1.41786E-01
706,6.85367E-02, -5.29398E+00,  6.71957E-03, -1.41342E-01
707,6.85758E-02, -5.22799E+00,  6.77857E-03, -1.40882E-01
708,6.86149E-02, -5.12471E+00,  6.83758E-03, -1.40694E-01
709,6.86540E-02, -5.06888E+00,  6.89658E-03, -1.40268E-01
710,6.86918E-02, -4.99712E+00,  6.95638E-03, -1.39827E-01
711,6.87297E-02, -4.88898E+00,  7.01619E-03, -1.39640E-01
712,6.87675E-02, -4.82470E+00,  7.07599E-03, -1.39232E-01
713,6.88041E-02, -4.74524E+00,  7.13657E-03, -1.38811E-01
714,6.88407E-02, -4.63069E+00,  7.19715E-03, -1.38626E-01
715,6.88773E-02, -4.55648E+00,  7.25773E-03, -1.38238E-01
716,6.89127E-02, -4.46803E+00,  7.31906E-03, -1.37840E-01
717,6.89480E-02, -4.34610E+00,  7.38038E-03, -1.37659E-01
718,6.89833E-02, -4.26102E+00,  7.44171E-03, -1.37295E-01
719,6.90174E-02, -4.16275E+00,  7.50376E-03, -1.36923E-01
720,6.90515E-02, -4.03295E+00,  7.56581E-03, -1.36750E-01
721,6.90856E-02, -3.93647E+00,  7.62786E-03, -1.36412E-01
722,6.91183E-02, -3.82798E+00,  7.69060E-03, -1.36070E-01
723,6.91511E-02, -3.69029E+00,  7.75335E-03, -1.35911E-01
724,6.91839E-02, -3.58245E+00,  7.81609E-03, -1.35607E-01
725,6.92154E-02, -3.46403E+00,  7.87950E-03, -1.35303E-01
726,6.92469E-02, -3.31929E+00,  7.94291E-03, -1.35164E-01
727,6.92783E-02, -3.20111E+00,  8.00632E-03, -1.34900E-01
728,6.93085E-02, -3.07410E+00,  8.07037E-03, -1.34641E-01
729,6.93387E-02, -2.92414E+00,  8.13442E-03, -1.34529E-01
730,6.93688E-02, -2.79767E+00,  8.19847E-03, -1.34312E-01
731,6.93977E-02, -2.66435E+00,  8.26313E-03, -1.34103E-01
732,6.94265E-02, -2.51188E+00,  8.32778E-03, -1.34023E-01
733,6.94553E-02, -2.38003E+00,  8.39244E-03, -1.33858E-01
734,6.94828E-02, -2.24351E+00,  8.45769E-03, -1.33703E-01
735,6.95103E-02, -2.09194E+00,  8.52293E-03, -1.33660E-01
736,6.95378E-02, -1.95841E+00,  8.58817E-03, -1.33549E-01
737,6.95640E-02, -1.82251E+00,  8.65397E-03, -1.33452E-01
738,6.95901E-02, -1.67587E+00,  8.71976E-03, -1.33447E-01
739,6.96163E-02, -1.54499E+00,  8.78556E-03, -1.33392E-01
740,6.96410E-02, -1.41414E+00,  8.85188E-03, -1.33352E-01
741,6.96658E-02, -1.27690E+00,  8.91820E-03, -1.33388E-01
742,6.96906E-02, -1.15352E+00,  8.98452E-03, -1.33387E-01
743,6.97140E-02, -1.03253E+00,  9.05134E-03, -1.33403E-01
744,6.97374E-02, -9.09355E-01,  9.11816E-03, -1.33476E-01
745,6.97609E-02, -7.98483E-01,  9.18498E-03, -1.33525E-01
746,6.97829E-02, -6.92172E-01,  9.25227E-03, -1.33588E-01
747,6.98049E-02, -5.87459E-01,  9.31956E-03, -1.33693E-01
748,6.98269E-02, -4.93755E-01,  9.38685E-03, -1.33783E-01
749,6.98476E-02, -4.06366E-01,  9.45457E-03, -1.33884E-01
750,6.98682E-02, -3.23642E-01,  9.52230E-03, -1.34011E-01
751,6.98888E-02, -2.50880E-01,  9.59003E-03, -1.34130E-01
752,6.99081E-02, -1.85808E-01,  9.65817E-03, -1.34257E-01
753,6.99273E-02, -1.27918E-01,  9.72630E-03, -1.34398E-01
754,6.99465E-02, -7.95902E-02,  9.79444E-03, -1.34533E-01
755,6.99644E-02, -4.02243E-02,  9.86296E-03, -1.34664E-01
756,6.99822E-02, -9.02414E-03,  9.93148E-03, -1.34779E-01
757,7.00000E-02, -2.96851E-02,  1.00000E-02, -1.34856E-01
758,7.02466E-02, -1.19710E-01,  1.00000E-02, -1.35086E-01
759,7.04994E-02, -2.56102E-01,  1.00000E-02, -1.35398E-01
760,7.07586E-02, -4.30739E-01,  1.00000E-02, -1.35628E-01
761,7.10244E-02, -6.23150E-01,  1.00000E-02, -1.35781E-01
762,7.12969E-02, -8.19321E-01,  1.00000E-02, -1.35880E-01
763,7.15764E-02, -1.01202E+00,  1.00000E-02, -1.35940E-01
764,7.18629E-02, -1.19846E+00,  1.00000E-02, -1.35973E-01
765,7.21567E-02, -1.37827E+00,  1.00000E-02, -1.35984E-01
766,7.24580E-02, -1.55229E+00,  1.00000E-02, -1.35976E-01
767,7.27669E-02, -1.72176E+00,  1.00000E-02, -1.35949E-01
768,7.30837E-02, -1.88790E+00,  1.00000E-02, -1.35901E-01
769,7.34084E-02, -2.05174E+00,  1.00000E-02, -1.35830E-01
770,7.37415E-02, -2.21410E+00,  1.00000E-02, -1.35734E-01
771,7.40829E-02, -2.37563E+00,  1.00000E-02, -1.35610E-01
772,7.44331E-02, -2.53681E+00,  1.00000E-02, -1.35456E-01
773,7.47921E-02, -2.69805E+00,  1.00000E-02, -1.35269E-01
774,7.51602E-02, -2.85969E+00,  1.00000E-02, -1.35047E-01
775,7.55377E-02, -3.02209E+00,  1.00000E-02, -1.34787E-01
776,7.59247E-02, -3.18560E+00,  1.00000E-02, -1.34487E-01
777,7.63216E-02, -3.35070E+00,  1.00000E-02, -1.34145E-01
778,7.67285E-02, -3.51799E+00,  1.00000E-02, -1.33759E-01
779,7.71458E-02, -3.68837E+00,  1.00000E-02, -1.33328E-01
780,7.75736E-02, -3.86314E+00,  1.00000E-02, -1.32849E-01
781,7.80123E-02, -4.04422E+00,  1.00000E-02, -1.32322E-01
782,7.84621E-02, -4.23437E+00,  1.00000E-02, -1.31746E-01
783,7.89234E-02, -4.43753E+00,  1.00000E-02, -1.31122E-01
784,7.93963E-02, -4.65916E+00,  1.00000E-02, -1.30447E-01
785,7.98812E-02, -4.90655E+00,  1.00000E-02, -1.29720E-01
786,8.03785E-02, -5.18916E+00,  1.00000E-02, -1.28936E-01
787,8.08883E-02, -5.51866E+00,  1.00000E-02, -1.28082E-01
788,8.14111E-02, -5.90861E+00,  1.00000E-02, -1.27136E-01
789,8.19472E-02, -6.37351E+00,  1.00000E-02, -1.26061E-01
790,8.24968E-02, -6.92683E+00,  1.00000E-02, -1.24792E-01
791,8.30604E-02, -7.57775E+00,  1.00000E-02, -1.23231E-01
792,8.36383E-02, -8.32667E+00,  1.00000E-02, -1.21234E-01
793,8.42308E-02, -9.15993E+00,  1.00000E-02, -1.18601E-01
794,8.48384E-02, -1.00452E+01,  1.00000E-02, -1.15085E-01
795,8.54614E-02, -1.09297E+01,  1.00000E-02, -1.10405E-01
796,8.61002E-02, -1.17431E+01,  1.00000E-02, -1.04283E-01
797,8.67553E-02, -1.24061E+01,  1.00000E-02, -9.65173E-02
798,8.74269E-02, -1.28416E+01,  1.00000E-02, -8.69910E-02
799,8.81156E-02, -1.29875E+01,  1.00000E-02, -7.57908E-02
800,8.88217E-02, -1.27980E+01,  1.00000E-02, -6.31826E-02
801,8.95458E-02, -1.22447E+01,  1.00000E-02, -4.95762E-02
802,9.02882E-02, -1.13308E+01,  1.00000E-02, -3.54900E-02
803,9.10495E-02, -1.00926E+01,  1.00000E-02, -2.15267E-02
804,9.18300E-02, -8.58913E+00,  1.00000E-02, -8.25241E-03
805,9.26304E-02, -6.89427E+00,  1.00000E-02,  3.81363E-03
806,9.34511E-02, -5.08862E+00,  1.00000E-02,  1.42998E-02
807,9.42926E-02, -3.25047E+00,  1.00000E-02,  2.29722E-02
808,9.51555E-02, -1.44979E+00,  1.00000E-02,  2.97446E-02
809,9.60402E-02,  2.31721E-01,  1.00000E-02,  3.46828E-02
810,9.69474E-02,  1.70600E+00,  1.00000E-02,  3.77484E-02
811,9.78776E-02,  2.93530E+00,  1.00000E-02,  3.92244E-02
812,9.88314E-02,  3.92598E+00,  1.00000E-02,  3.95035E-02
813,9.98094E-02,  4.69258E+00,  1.00000E-02,  3.89025E-02
814,1.00812E-01,  5.25621E+00,  1.00000E-02,  3.77237E-02
815,1.01840E-01,  5.64312E+00,  1.00000E-02,  3.62089E-02
816,1.02895E-01,  5.88302E+00,  1.00000E-02,  3.45489E-02
817,1.03976E-01,  6.00649E+00,  1.00000E-02,  3.28820E-02
818,1.05084E-01,  6.04304E+00,  1.00000E-02,  3.12905E-02
819,1.06221E-01,  6.01865E+00,  1.00000E-02,  2.98289E-02
820,1.07387E-01,  5.95497E+00,  1.00000E-02,  2.85346E-02
821,1.08582E-01,  5.87044E+00,  1.00000E-02,  2.73950E-02
822,1.09807E-01,  5.77963E+00,  1.00000E-02,  2.63828E-02
823,1.11063E-01,  5.69260E+00,  1.00000E-02,  2.54631E-02
824,1.12352E-01,  5.61592E+00,  1.00000E-02,  2.46000E-02
825,1.13673E-01,  5.55343E+00,  1.00000E-02,  2.37592E-02
826,1.15027E-01,  5.50687E+00,  1.00000E-02,  2.29094E-02
827,1.16416E-01,  5.47640E+00,  1.00000E-02,  2.20234E-02
828,1.17840E-01,  5.46104E+00,  1.00000E-02,  2.10786E-02
829,1.19301E-01,  5.45928E+00,  1.00000E-02,  2.00572E-02
830,1.20798E-01,  5.46905E+00,  1.00000E-02,  1.89454E-02
831,1.22333E-01,  5.48769E+00,  1.00000E-02,  1.77362E-02
832,1.23907E-01,  5.51254E+00,  1.00000E-02,  1.64225E-02
833,1.25522E-01,  5.54126E+00,  1.00000E-02,  1.50030E-02
834,1.27177E-01,  5.57184E+00,  1.00000E-02,  1.34749E-02
835,1.28874E-01,  5.60262E+00,  1.00000E-02,  1.18426E-02
836,1.30614E-01,  5.63231E+00,  1.00000E-02,  1.01048E-02
837,1.32398E-01,  5.65999E+00,  1.00000E-02,  8.27004E-03
838,1.34228E-01,  5.68490E+00,  1.00000E-02,  6.33673E-03
839,1.36104E-01,  5.70614E+00,  1.00000E-02,  4.31431E-03
840,1.38028E-01,  5.72273E+00,  1.00000E-02,  2.20271E-03
841,1.40000E-01,  5.72976E+00,  1.00000E-02,  1.33703E-05
