 1,1.49048E-45,  5.82328E+00,  1.00000E-02,  3.11984E-01
 2,1.30767E-03,  5.81421E+00,  1.00000E-02,  3.10448E-01
 3,2.53992E-03,  5.79737E+00,  1.00000E-02,  3.09023E-01
 4,3.70108E-03,  5.78194E+00,  1.00000E-02,  3.07691E-01
 5,4.79527E-03,  5.76614E+00,  1.00000E-02,  3.06449E-01
 6,5.82634E-03,  5.74895E+00,  1.00000E-02,  3.05290E-01
 7,6.79794E-03,  5.72971E+00,  1.00000E-02,  3.04213E-01
 8,7.71349E-03,  5.70796E+00,  1.00000E-02,  3.03213E-01
 9,8.57623E-03,  5.68341E+00,  1.00000E-02,  3.02290E-01
10,9.38921E-03,  5.65580E+00,  1.00000E-02,  3.01438E-01
11,1.01553E-02,  5.62498E+00,  1.00000E-02,  3.00656E-01
12,1.08772E-02,  5.59087E+00,  1.00000E-02,  2.99940E-01
13,1.15574E-02,  5.55340E+00,  1.00000E-02,  2.99288E-01
14,1.21985E-02,  5.51258E+00,  1.00000E-02,  2.98697E-01
15,1.28025E-02,  5.46843E+00,  1.00000E-02,  2.98164E-01
16,1.33717E-02,  5.42102E+00,  1.00000E-02,  2.97686E-01
17,1.39081E-02,  5.37041E+00,  1.00000E-02,  2.97260E-01
18,1.44135E-02,  5.31670E+00,  1.00000E-02,  2.96882E-01
19,1.48898E-02,  5.25999E+00,  1.00000E-02,  2.96551E-01
20,1.53386E-02,  5.20037E+00,  1.00000E-02,  2.96262E-01
21,1.57615E-02,  5.13791E+00,  1.00000E-02,  2.96013E-01
22,1.61600E-02,  5.07269E+00,  1.00000E-02,  2.95801E-01
23,1.65355E-02,  5.00473E+00,  1.00000E-02,  2.95623E-01
24,1.68894E-02,  4.93402E+00,  1.00000E-02,  2.95478E-01
25,1.72228E-02,  4.86047E+00,  1.00000E-02,  2.95361E-01
26,1.75371E-02,  4.78391E+00,  1.00000E-02,  2.95270E-01
27,1.78332E-02,  4.70404E+00,  1.00000E-02,  2.95203E-01
28,1.81122E-02,  4.62037E+00,  1.00000E-02,  2.95158E-01
29,1.83751E-02,  4.53209E+00,  1.00000E-02,  2.95130E-01
30,1.86229E-02,  4.43797E+00,  1.00000E-02,  2.95117E-01
31,1.88563E-02,  4.33608E+00,  1.00000E-02,  2.95115E-01
32,1.90763E-02,  4.22378E+00,  1.00000E-02,  2.95121E-01
33,1.92836E-02,  4.09744E+00,  1.00000E-02,  2.95130E-01
34,1.94790E-02,  3.94709E+00,  1.00000E-02,  2.95106E-01
35,1.96631E-02,  3.73652E+00,  1.00000E-02,  2.94902E-01
36,1.98365E-02,  3.40036E+00,  1.00000E-02,  2.94534E-01
37,2.00000E-02,  3.14597E+00,  1.00000E-02,  2.96002E-01
38,2.00680E-02,  3.26048E+00,  9.97914E-03,  2.99789E-01
39,2.01359E-02,  3.59110E+00,  9.95829E-03,  3.00641E-01
40,2.02039E-02,  3.90094E+00,  9.93743E-03,  3.00360E-01
41,2.02719E-02,  4.15204E+00,  9.91672E-03,  2.99878E-01
42,2.03399E-02,  4.35876E+00,  9.89600E-03,  2.99514E-01
43,2.04079E-02,  4.53936E+00,  9.87528E-03,  2.99267E-01
44,2.04759E-02,  4.70699E+00,  9.85470E-03,  2.99099E-01
45,2.05440E-02,  4.87005E+00,  9.83413E-03,  2.98970E-01
46,2.06120E-02,  5.02974E+00,  9.81355E-03,  2.98816E-01
47,2.06801E-02,  5.18590E+00,  9.79311E-03,  2.98645E-01
48,2.07482E-02,  5.34020E+00,  9.77267E-03,  2.98469E-01
49,2.08163E-02,  5.49116E+00,  9.75223E-03,  2.98255E-01
50,2.08844E-02,  5.63815E+00,  9.73193E-03,  2.98026E-01
51,2.09525E-02,  5.78327E+00,  9.71163E-03,  2.97801E-01
52,2.10207E-02,  5.92524E+00,  9.69133E-03,  2.97543E-01
53,2.10888E-02,  6.06355E+00,  9.67117E-03,  2.97273E-01
54,2.11570E-02,  6.20052E+00,  9.65101E-03,  2.97011E-01
55,2.12252E-02,  6.33475E+00,  9.63085E-03,  2.96716E-01
56,2.12934E-02,  6.46562E+00,  9.61083E-03,  2.96412E-01
57,2.13616E-02,  6.59558E+00,  9.59081E-03,  2.96118E-01
58,2.14298E-02,  6.72308E+00,  9.57079E-03,  2.95791E-01
59,2.14980E-02,  6.84743E+00,  9.55091E-03,  2.95456E-01
60,2.15663E-02,  6.97120E+00,  9.53103E-03,  2.95135E-01
61,2.16345E-02,  7.09274E+00,  9.51115E-03,  2.94779E-01
62,2.17028E-02,  7.21125E+00,  9.49141E-03,  2.94416E-01
63,2.17711E-02,  7.32946E+00,  9.47167E-03,  2.94069E-01
64,2.18394E-02,  7.44561E+00,  9.45194E-03,  2.93688E-01
65,2.19077E-02,  7.55883E+00,  9.43234E-03,  2.93300E-01
66,2.19760E-02,  7.67197E+00,  9.41274E-03,  2.92930E-01
67,2.20443E-02,  7.78319E+00,  9.39314E-03,  2.92524E-01
68,2.21127E-02,  7.89155E+00,  9.37368E-03,  2.92114E-01
69,2.21811E-02,  8.00004E+00,  9.35423E-03,  2.91722E-01
70,2.22494E-02,  8.10672E+00,  9.33477E-03,  2.91295E-01
71,2.23178E-02,  8.21059E+00,  9.31546E-03,  2.90863E-01
72,2.23862E-02,  8.31477E+00,  9.29614E-03,  2.90452E-01
73,2.24546E-02,  8.41723E+00,  9.27683E-03,  2.90005E-01
74,2.25231E-02,  8.51692E+00,  9.25765E-03,  2.89554E-01
75,2.25915E-02,  8.61708E+00,  9.23848E-03,  2.89125E-01
76,2.26600E-02,  8.71561E+00,  9.21931E-03,  2.88659E-01
77,2.27284E-02,  8.81139E+00,  9.20028E-03,  2.88189E-01
78,2.27969E-02,  8.90779E+00,  9.18124E-03,  2.87744E-01
79,2.28654E-02,  9.00264E+00,  9.16221E-03,  2.87261E-01
80,2.29339E-02,  9.09475E+00,  9.14333E-03,  2.86774E-01
81,2.30024E-02,  9.18762E+00,  9.12444E-03,  2.86314E-01
82,2.30709E-02,  9.27902E+00,  9.10555E-03,  2.85814E-01
83,2.31395E-02,  9.36768E+00,  9.08681E-03,  2.85312E-01
84,2.32080E-02,  9.45723E+00,  9.06806E-03,  2.84837E-01
85,2.32766E-02,  9.54538E+00,  9.04932E-03,  2.84322E-01
86,2.33452E-02,  9.63080E+00,  9.03072E-03,  2.83805E-01
87,2.34137E-02,  9.71723E+00,  9.01211E-03,  2.83317E-01
88,2.34823E-02,  9.80232E+00,  8.99351E-03,  2.82789E-01
89,2.35510E-02,  9.88468E+00,  8.97506E-03,  2.82258E-01
90,2.36196E-02,  9.96817E+00,  8.95660E-03,  2.81757E-01
91,2.36882E-02,  1.00504E+01,  8.93814E-03,  2.81215E-01
92,2.37569E-02,  1.01298E+01,  8.91983E-03,  2.80672E-01
93,2.38255E-02,  1.02106E+01,  8.90152E-03,  2.80160E-01
94,2.38942E-02,  1.02901E+01,  8.88321E-03,  2.79606E-01
95,2.39629E-02,  1.03668E+01,  8.86504E-03,  2.79050E-01
96,2.40316E-02,  1.04449E+01,  8.84687E-03,  2.78527E-01
97,2.41003E-02,  1.05219E+01,  8.82870E-03,  2.77962E-01
98,2.41690E-02,  1.05960E+01,  8.81068E-03,  2.77394E-01
99,2.42377E-02,  1.06717E+01,  8.79266E-03,  2.76861E-01
100,2.43065E-02,  1.07462E+01,  8.77464E-03,  2.76285E-01
101,2.43752E-02,  1.08180E+01,  8.75676E-03,  2.75707E-01
102,2.44440E-02,  1.08913E+01,  8.73889E-03,  2.75165E-01
103,2.45128E-02,  1.09635E+01,  8.72101E-03,  2.74578E-01
104,2.45816E-02,  1.10330E+01,  8.70328E-03,  2.73991E-01
105,2.46504E-02,  1.11042E+01,  8.68555E-03,  2.73439E-01
106,2.47192E-02,  1.11743E+01,  8.66782E-03,  2.72843E-01
107,2.47880E-02,  1.12416E+01,  8.65024E-03,  2.72246E-01
108,2.48569E-02,  1.13107E+01,  8.63266E-03,  2.71687E-01
109,2.49257E-02,  1.13788E+01,  8.61507E-03,  2.71081E-01
110,2.49946E-02,  1.14442E+01,  8.59764E-03,  2.70475E-01
111,2.50634E-02,  1.15113E+01,  8.58020E-03,  2.69908E-01
112,2.51323E-02,  1.15776E+01,  8.56277E-03,  2.69294E-01
113,2.52012E-02,  1.16410E+01,  8.54548E-03,  2.68679E-01
114,2.52701E-02,  1.17063E+01,  8.52819E-03,  2.68105E-01
115,2.53390E-02,  1.17708E+01,  8.51090E-03,  2.67483E-01
116,2.54080E-02,  1.18324E+01,  8.49376E-03,  2.66860E-01
117,2.54769E-02,  1.18961E+01,  8.47663E-03,  2.66278E-01
118,2.55459E-02,  1.19589E+01,  8.45949E-03,  2.65648E-01
119,2.56148E-02,  1.20189E+01,  8.44249E-03,  2.65018E-01
120,2.56838E-02,  1.20810E+01,  8.42550E-03,  2.64430E-01
121,2.57528E-02,  1.21423E+01,  8.40851E-03,  2.63793E-01
122,2.58218E-02,  1.22007E+01,  8.39167E-03,  2.63155E-01
123,2.58908E-02,  1.22612E+01,  8.37483E-03,  2.62560E-01
124,2.59598E-02,  1.23211E+01,  8.35799E-03,  2.61916E-01
125,2.60289E-02,  1.23780E+01,  8.34130E-03,  2.61271E-01
126,2.60979E-02,  1.24372E+01,  8.32461E-03,  2.60671E-01
127,2.61669E-02,  1.24958E+01,  8.30791E-03,  2.60020E-01
128,2.62360E-02,  1.25513E+01,  8.29137E-03,  2.59368E-01
129,2.63051E-02,  1.26092E+01,  8.27483E-03,  2.58762E-01
130,2.63742E-02,  1.26665E+01,  8.25829E-03,  2.58104E-01
131,2.64433E-02,  1.27208E+01,  8.24190E-03,  2.57446E-01
132,2.65124E-02,  1.27775E+01,  8.22551E-03,  2.56835E-01
133,2.65815E-02,  1.28336E+01,  8.20912E-03,  2.56171E-01
134,2.66506E-02,  1.28868E+01,  8.19288E-03,  2.55506E-01
135,2.67198E-02,  1.29423E+01,  8.17664E-03,  2.54890E-01
136,2.67889E-02,  1.29974E+01,  8.16040E-03,  2.54219E-01
137,2.68581E-02,  1.30494E+01,  8.14431E-03,  2.53549E-01
138,2.69273E-02,  1.31040E+01,  8.12822E-03,  2.52927E-01
139,2.69964E-02,  1.31581E+01,  8.11213E-03,  2.52251E-01
140,2.70656E-02,  1.32091E+01,  8.09620E-03,  2.51575E-01
141,2.71349E-02,  1.32627E+01,  8.08026E-03,  2.50948E-01
142,2.72041E-02,  1.33158E+01,  8.06433E-03,  2.50266E-01
143,2.72733E-02,  1.33659E+01,  8.04855E-03,  2.49584E-01
144,2.73425E-02,  1.34186E+01,  8.03276E-03,  2.48952E-01
145,2.74118E-02,  1.34709E+01,  8.01698E-03,  2.48264E-01
146,2.74810E-02,  1.35201E+01,  8.00135E-03,  2.47577E-01
147,2.75503E-02,  1.35720E+01,  7.98572E-03,  2.46940E-01
148,2.76196E-02,  1.36236E+01,  7.97009E-03,  2.46247E-01
149,2.76889E-02,  1.36720E+01,  7.95462E-03,  2.45554E-01
150,2.77582E-02,  1.37232E+01,  7.93914E-03,  2.44913E-01
151,2.78275E-02,  1.37741E+01,  7.92366E-03,  2.44215E-01
152,2.78968E-02,  1.38217E+01,  7.90834E-03,  2.43516E-01
153,2.79662E-02,  1.38722E+01,  7.89302E-03,  2.42871E-01
154,2.80355E-02,  1.39224E+01,  7.87770E-03,  2.42167E-01
155,2.81048E-02,  1.39694E+01,  7.86253E-03,  2.41463E-01
156,2.81742E-02,  1.40193E+01,  7.84737E-03,  2.40814E-01
157,2.82436E-02,  1.40690E+01,  7.83220E-03,  2.40104E-01
158,2.83130E-02,  1.41154E+01,  7.81719E-03,  2.39396E-01
159,2.83824E-02,  1.41647E+01,  7.80218E-03,  2.38742E-01
160,2.84518E-02,  1.42138E+01,  7.78717E-03,  2.38028E-01
161,2.85212E-02,  1.42597E+01,  7.77231E-03,  2.37314E-01
162,2.85906E-02,  1.43084E+01,  7.75746E-03,  2.36656E-01
163,2.86600E-02,  1.43571E+01,  7.74260E-03,  2.35936E-01
164,2.87295E-02,  1.44025E+01,  7.72790E-03,  2.35218E-01
165,2.87989E-02,  1.44508E+01,  7.71321E-03,  2.34555E-01
166,2.88684E-02,  1.44991E+01,  7.69851E-03,  2.33831E-01
167,2.89379E-02,  1.45440E+01,  7.68397E-03,  2.33108E-01
168,2.90074E-02,  1.45920E+01,  7.66942E-03,  2.32442E-01
169,2.90768E-02,  1.46400E+01,  7.65488E-03,  2.31713E-01
170,2.91463E-02,  1.46845E+01,  7.64050E-03,  2.30985E-01
171,2.92159E-02,  1.47322E+01,  7.62611E-03,  2.30315E-01
172,2.92854E-02,  1.47799E+01,  7.61173E-03,  2.29582E-01
173,2.93549E-02,  1.48241E+01,  7.59750E-03,  2.28849E-01
174,2.94245E-02,  1.48715E+01,  7.58328E-03,  2.28176E-01
175,2.94940E-02,  1.49191E+01,  7.56905E-03,  2.27439E-01
176,2.95636E-02,  1.49631E+01,  7.55499E-03,  2.26702E-01
177,2.96331E-02,  1.50104E+01,  7.54092E-03,  2.26026E-01
178,2.97027E-02,  1.50580E+01,  7.52685E-03,  2.25286E-01
179,2.97723E-02,  1.51022E+01,  7.51294E-03,  2.24544E-01
180,2.98419E-02,  1.51492E+01,  7.49903E-03,  2.23858E-01
181,2.99115E-02,  1.51953E+01,  7.48513E-03,  2.23091E-01
182,2.99811E-02,  1.52402E+01,  7.47138E-03,  2.22319E-01
183,3.00508E-02,  1.52900E+01,  7.45763E-03,  2.21619E-01
184,3.01204E-02,  1.53389E+01,  7.44388E-03,  2.20858E-01
185,3.01900E-02,  1.53836E+01,  7.43029E-03,  2.20099E-01
186,3.02597E-02,  1.54313E+01,  7.41671E-03,  2.19403E-01
187,3.03294E-02,  1.54791E+01,  7.40312E-03,  2.18638E-01
188,3.03990E-02,  1.55228E+01,  7.38969E-03,  2.17874E-01
189,3.04687E-02,  1.55697E+01,  7.37626E-03,  2.17174E-01
190,3.05384E-02,  1.56167E+01,  7.36284E-03,  2.16404E-01
191,3.06081E-02,  1.56597E+01,  7.34957E-03,  2.15634E-01
192,3.06778E-02,  1.57059E+01,  7.33630E-03,  2.14929E-01
193,3.07475E-02,  1.57524E+01,  7.32304E-03,  2.14153E-01
194,3.08173E-02,  1.57948E+01,  7.30994E-03,  2.13378E-01
195,3.08870E-02,  1.58405E+01,  7.29683E-03,  2.12668E-01
196,3.09567E-02,  1.58866E+01,  7.28373E-03,  2.11887E-01
197,3.10265E-02,  1.59285E+01,  7.27079E-03,  2.11106E-01
198,3.10963E-02,  1.59738E+01,  7.25785E-03,  2.10392E-01
199,3.11660E-02,  1.60194E+01,  7.24490E-03,  2.09605E-01
200,3.12358E-02,  1.60608E+01,  7.23213E-03,  2.08818E-01
201,3.13056E-02,  1.61057E+01,  7.21935E-03,  2.08100E-01
202,3.13754E-02,  1.61509E+01,  7.20657E-03,  2.07307E-01
203,3.14452E-02,  1.61919E+01,  7.19396E-03,  2.06515E-01
204,3.15150E-02,  1.62364E+01,  7.18134E-03,  2.05792E-01
205,3.15849E-02,  1.62813E+01,  7.16873E-03,  2.04994E-01
206,3.16547E-02,  1.63219E+01,  7.15628E-03,  2.04197E-01
207,3.17245E-02,  1.63660E+01,  7.14383E-03,  2.03469E-01
208,3.17944E-02,  1.64106E+01,  7.13138E-03,  2.02666E-01
209,3.18642E-02,  1.64508E+01,  7.11909E-03,  2.01863E-01
210,3.19341E-02,  1.64946E+01,  7.10681E-03,  2.01131E-01
211,3.20040E-02,  1.65388E+01,  7.09452E-03,  2.00322E-01
212,3.20739E-02,  1.65786E+01,  7.08240E-03,  1.99514E-01
213,3.21438E-02,  1.66220E+01,  7.07028E-03,  1.98778E-01
214,3.22137E-02,  1.66660E+01,  7.05817E-03,  1.97964E-01
215,3.22836E-02,  1.67054E+01,  7.04621E-03,  1.97151E-01
216,3.23535E-02,  1.67484E+01,  7.03426E-03,  1.96410E-01
217,3.24234E-02,  1.67921E+01,  7.02230E-03,  1.95591E-01
218,3.24934E-02,  1.68311E+01,  7.01052E-03,  1.94772E-01
219,3.25633E-02,  1.68738E+01,  6.99873E-03,  1.94028E-01
220,3.26332E-02,  1.69171E+01,  6.98694E-03,  1.93204E-01
221,3.27032E-02,  1.69557E+01,  6.97533E-03,  1.92380E-01
222,3.27732E-02,  1.69981E+01,  6.96371E-03,  1.91631E-01
223,3.28431E-02,  1.70411E+01,  6.95209E-03,  1.90802E-01
224,3.29131E-02,  1.70793E+01,  6.94063E-03,  1.89973E-01
225,3.29831E-02,  1.71212E+01,  6.92918E-03,  1.89220E-01
226,3.30531E-02,  1.71639E+01,  6.91773E-03,  1.88386E-01
227,3.31231E-02,  1.72017E+01,  6.90645E-03,  1.87552E-01
228,3.31931E-02,  1.72433E+01,  6.89516E-03,  1.86796E-01
229,3.32631E-02,  1.72856E+01,  6.88388E-03,  1.85956E-01
230,3.33332E-02,  1.73230E+01,  6.87277E-03,  1.85117E-01
231,3.34032E-02,  1.73641E+01,  6.86165E-03,  1.84357E-01
232,3.34732E-02,  1.74061E+01,  6.85054E-03,  1.83513E-01
233,3.35433E-02,  1.74430E+01,  6.83959E-03,  1.82669E-01
234,3.36134E-02,  1.74838E+01,  6.82865E-03,  1.81905E-01
235,3.36834E-02,  1.75254E+01,  6.81771E-03,  1.81056E-01
236,3.37535E-02,  1.75618E+01,  6.80693E-03,  1.80208E-01
237,3.38236E-02,  1.76021E+01,  6.79616E-03,  1.79440E-01
238,3.38937E-02,  1.76433E+01,  6.78538E-03,  1.78587E-01
239,3.39638E-02,  1.76792E+01,  6.77478E-03,  1.77734E-01
240,3.40339E-02,  1.77191E+01,  6.76418E-03,  1.76963E-01
241,3.41040E-02,  1.77599E+01,  6.75357E-03,  1.76105E-01
242,3.41741E-02,  1.77953E+01,  6.74314E-03,  1.75247E-01
243,3.42442E-02,  1.78347E+01,  6.73271E-03,  1.74473E-01
244,3.43143E-02,  1.78750E+01,  6.72228E-03,  1.73611E-01
245,3.43845E-02,  1.79099E+01,  6.71202E-03,  1.72749E-01
246,3.44546E-02,  1.79487E+01,  6.70176E-03,  1.71971E-01
247,3.45248E-02,  1.79886E+01,  6.69150E-03,  1.71104E-01
248,3.45949E-02,  1.80229E+01,  6.68141E-03,  1.70239E-01
249,3.46651E-02,  1.80612E+01,  6.67132E-03,  1.69458E-01
250,3.47353E-02,  1.81005E+01,  6.66124E-03,  1.68587E-01
251,3.48055E-02,  1.81342E+01,  6.65132E-03,  1.67717E-01
252,3.48757E-02,  1.81720E+01,  6.64141E-03,  1.66933E-01
253,3.49458E-02,  1.82107E+01,  6.63149E-03,  1.66059E-01
254,3.50160E-02,  1.82438E+01,  6.62175E-03,  1.65185E-01
255,3.50863E-02,  1.82810E+01,  6.61201E-03,  1.64399E-01
256,3.51565E-02,  1.83192E+01,  6.60227E-03,  1.63520E-01
257,3.52267E-02,  1.83516E+01,  6.59271E-03,  1.62643E-01
258,3.52969E-02,  1.83881E+01,  6.58314E-03,  1.61854E-01
259,3.53671E-02,  1.84257E+01,  6.57358E-03,  1.60972E-01
260,3.54374E-02,  1.84575E+01,  6.56419E-03,  1.60091E-01
261,3.55076E-02,  1.84933E+01,  6.55480E-03,  1.59300E-01
262,3.55779E-02,  1.85303E+01,  6.54541E-03,  1.58414E-01
263,3.56481E-02,  1.85613E+01,  6.53619E-03,  1.57530E-01
264,3.57184E-02,  1.85964E+01,  6.52698E-03,  1.56736E-01
265,3.57887E-02,  1.86327E+01,  6.51777E-03,  1.55848E-01
266,3.58590E-02,  1.86630E+01,  6.50873E-03,  1.54961E-01
267,3.59292E-02,  1.86973E+01,  6.49969E-03,  1.54165E-01
268,3.59995E-02,  1.87329E+01,  6.49065E-03,  1.53274E-01
269,3.60698E-02,  1.87624E+01,  6.48179E-03,  1.52384E-01
270,3.61401E-02,  1.87960E+01,  6.47293E-03,  1.51586E-01
271,3.62104E-02,  1.88308E+01,  6.46407E-03,  1.50692E-01
272,3.62808E-02,  1.88595E+01,  6.45539E-03,  1.49799E-01
273,3.63511E-02,  1.88922E+01,  6.44670E-03,  1.49000E-01
274,3.64214E-02,  1.89263E+01,  6.43802E-03,  1.48104E-01
275,3.64917E-02,  1.89541E+01,  6.42951E-03,  1.47209E-01
276,3.65621E-02,  1.89860E+01,  6.42101E-03,  1.46408E-01
277,3.66324E-02,  1.90192E+01,  6.41250E-03,  1.45510E-01
278,3.67028E-02,  1.90461E+01,  6.40418E-03,  1.44612E-01
279,3.67731E-02,  1.90771E+01,  6.39585E-03,  1.43811E-01
280,3.68435E-02,  1.91095E+01,  6.38753E-03,  1.42910E-01
281,3.69138E-02,  1.91354E+01,  6.37938E-03,  1.42011E-01
282,3.69842E-02,  1.91654E+01,  6.37123E-03,  1.41208E-01
283,3.70546E-02,  1.91969E+01,  6.36309E-03,  1.40306E-01
284,3.71250E-02,  1.92218E+01,  6.35512E-03,  1.39405E-01
285,3.71954E-02,  1.92508E+01,  6.34715E-03,  1.38602E-01
286,3.72657E-02,  1.92813E+01,  6.33919E-03,  1.37698E-01
287,3.73362E-02,  1.93052E+01,  6.33140E-03,  1.36796E-01
288,3.74066E-02,  1.93331E+01,  6.32362E-03,  1.35993E-01
289,3.74770E-02,  1.93626E+01,  6.31583E-03,  1.35088E-01
290,3.75474E-02,  1.93854E+01,  6.30823E-03,  1.34185E-01
291,3.76178E-02,  1.94123E+01,  6.30062E-03,  1.33382E-01
292,3.76882E-02,  1.94408E+01,  6.29302E-03,  1.32477E-01
293,3.77586E-02,  1.94627E+01,  6.28560E-03,  1.31575E-01
294,3.78291E-02,  1.94886E+01,  6.27818E-03,  1.30774E-01
295,3.78995E-02,  1.95164E+01,  6.27075E-03,  1.29871E-01
296,3.79700E-02,  1.95373E+01,  6.26351E-03,  1.28970E-01
297,3.80404E-02,  1.95625E+01,  6.25628E-03,  1.28172E-01
298,3.81109E-02,  1.95895E+01,  6.24904E-03,  1.27270E-01
299,3.81813E-02,  1.96097E+01,  6.24198E-03,  1.26371E-01
300,3.82518E-02,  1.96340E+01,  6.23492E-03,  1.25575E-01
301,3.83222E-02,  1.96602E+01,  6.22787E-03,  1.24674E-01
302,3.83927E-02,  1.96795E+01,  6.22100E-03,  1.23776E-01
303,3.84632E-02,  1.97030E+01,  6.21412E-03,  1.22982E-01
304,3.85337E-02,  1.97284E+01,  6.20725E-03,  1.22083E-01
305,3.86042E-02,  1.97469E+01,  6.20056E-03,  1.21187E-01
306,3.86747E-02,  1.97694E+01,  6.19388E-03,  1.20396E-01
307,3.87451E-02,  1.97940E+01,  6.18719E-03,  1.19499E-01
308,3.88156E-02,  1.98115E+01,  6.18069E-03,  1.18605E-01
309,3.88861E-02,  1.98332E+01,  6.17418E-03,  1.17817E-01
310,3.89566E-02,  1.98569E+01,  6.16768E-03,  1.16923E-01
311,3.90272E-02,  1.98735E+01,  6.16136E-03,  1.16031E-01
312,3.90977E-02,  1.98943E+01,  6.15505E-03,  1.15247E-01
313,3.91682E-02,  1.99171E+01,  6.14873E-03,  1.14355E-01
314,3.92387E-02,  1.99329E+01,  6.14260E-03,  1.13467E-01
315,3.93092E-02,  1.99529E+01,  6.13647E-03,  1.12687E-01
316,3.93798E-02,  1.99750E+01,  6.13034E-03,  1.11799E-01
317,3.94503E-02,  1.99901E+01,  6.12440E-03,  1.10915E-01
318,3.95208E-02,  2.00094E+01,  6.11845E-03,  1.10140E-01
319,3.95914E-02,  2.00310E+01,  6.11251E-03,  1.09257E-01
320,3.96619E-02,  2.00457E+01,  6.10675E-03,  1.08377E-01
321,3.97325E-02,  2.00646E+01,  6.10100E-03,  1.07607E-01
322,3.98030E-02,  2.00860E+01,  6.09524E-03,  1.06728E-01
323,3.98736E-02,  2.01004E+01,  6.08967E-03,  1.05850E-01
324,3.99441E-02,  2.01176E+01,  6.08411E-03,  1.05070E-01
325,4.00147E-02,  2.01364E+01,  6.07854E-03,  1.04157E-01
326,4.00853E-02,  2.01515E+01,  6.07316E-03,  1.03243E-01
327,4.01558E-02,  2.01710E+01,  6.06778E-03,  1.02460E-01
328,4.02264E-02,  2.01903E+01,  6.06240E-03,  1.01580E-01
329,4.02970E-02,  2.02015E+01,  6.05721E-03,  1.00706E-01
330,4.03676E-02,  2.02162E+01,  6.05202E-03,  9.99435E-02
331,4.04381E-02,  2.02328E+01,  6.04683E-03,  9.90717E-02
332,4.05087E-02,  2.02416E+01,  6.04183E-03,  9.82025E-02
333,4.05793E-02,  2.02542E+01,  6.03683E-03,  9.74453E-02
334,4.06499E-02,  2.02688E+01,  6.03183E-03,  9.65774E-02
335,4.07205E-02,  2.02757E+01,  6.02702E-03,  9.57120E-02
336,4.07911E-02,  2.02864E+01,  6.02221E-03,  9.49596E-02
337,4.08617E-02,  2.02993E+01,  6.01740E-03,  9.40955E-02
338,4.09323E-02,  2.03044E+01,  6.01279E-03,  9.32341E-02
339,4.10029E-02,  2.03133E+01,  6.00817E-03,  9.24866E-02
340,4.10735E-02,  2.03245E+01,  6.00355E-03,  9.16268E-02
341,4.11441E-02,  2.03278E+01,  5.99912E-03,  9.07697E-02
342,4.12147E-02,  2.03349E+01,  5.99470E-03,  9.00277E-02
343,4.12854E-02,  2.03444E+01,  5.99027E-03,  8.91726E-02
344,4.13560E-02,  2.03459E+01,  5.98604E-03,  8.83205E-02
345,4.14266E-02,  2.03512E+01,  5.98180E-03,  8.75844E-02
346,4.14972E-02,  2.03589E+01,  5.97757E-03,  8.67347E-02
347,4.15678E-02,  2.03586E+01,  5.97353E-03,  8.58882E-02
348,4.16385E-02,  2.03620E+01,  5.96949E-03,  8.51585E-02
349,4.17091E-02,  2.03681E+01,  5.96544E-03,  8.43148E-02
350,4.17797E-02,  2.03659E+01,  5.96160E-03,  8.34745E-02
351,4.18504E-02,  2.03675E+01,  5.95775E-03,  8.27517E-02
352,4.19210E-02,  2.03718E+01,  5.95390E-03,  8.19146E-02
353,4.19916E-02,  2.03678E+01,  5.95025E-03,  8.10809E-02
354,4.20623E-02,  2.03676E+01,  5.94659E-03,  8.03657E-02
355,4.21329E-02,  2.03701E+01,  5.94294E-03,  7.95356E-02
356,4.22035E-02,  2.03643E+01,  5.93948E-03,  7.87092E-02
357,4.22742E-02,  2.03623E+01,  5.93602E-03,  7.80018E-02
358,4.23448E-02,  2.03631E+01,  5.93256E-03,  7.71793E-02
359,4.24155E-02,  2.03555E+01,  5.92929E-03,  7.63606E-02
360,4.24861E-02,  2.03517E+01,  5.92603E-03,  7.56616E-02
361,4.25568E-02,  2.03506E+01,  5.92276E-03,  7.48472E-02
362,4.26274E-02,  2.03412E+01,  5.91970E-03,  7.40367E-02
363,4.26981E-02,  2.03356E+01,  5.91663E-03,  7.33464E-02
364,4.27687E-02,  2.03328E+01,  5.91356E-03,  7.25406E-02
365,4.28394E-02,  2.03216E+01,  5.91068E-03,  7.17387E-02
366,4.29100E-02,  2.03142E+01,  5.90781E-03,  7.10577E-02
367,4.29807E-02,  2.03097E+01,  5.90494E-03,  7.02608E-02
368,4.30513E-02,  2.02967E+01,  5.90226E-03,  6.94680E-02
369,4.31220E-02,  2.02874E+01,  5.89959E-03,  6.87966E-02
370,4.31927E-02,  2.02811E+01,  5.89691E-03,  6.80091E-02
371,4.32633E-02,  2.02663E+01,  5.89443E-03,  6.72259E-02
372,4.33340E-02,  2.02553E+01,  5.89195E-03,  6.65644E-02
373,4.34046E-02,  2.02472E+01,  5.88947E-03,  6.57868E-02
374,4.34753E-02,  2.02307E+01,  5.88719E-03,  6.50135E-02
375,4.35460E-02,  2.02178E+01,  5.88491E-03,  6.43623E-02
376,4.36166E-02,  2.02080E+01,  5.88263E-03,  6.35950E-02
377,4.36873E-02,  2.01897E+01,  5.88054E-03,  6.28320E-02
378,4.37580E-02,  2.01750E+01,  5.87846E-03,  6.21915E-02
379,4.38286E-02,  2.01635E+01,  5.87637E-03,  6.14348E-02
380,4.38993E-02,  2.01434E+01,  5.87449E-03,  6.06825E-02
381,4.39700E-02,  2.01269E+01,  5.87260E-03,  6.00530E-02
382,4.40406E-02,  2.01136E+01,  5.87072E-03,  5.93073E-02
383,4.41113E-02,  2.00918E+01,  5.86903E-03,  5.85662E-02
384,4.41820E-02,  2.00735E+01,  5.86735E-03,  5.79480E-02
385,4.42526E-02,  2.00585E+01,  5.86566E-03,  5.72137E-02
386,4.43233E-02,  2.00349E+01,  5.86417E-03,  5.64840E-02
387,4.43940E-02,  2.00149E+01,  5.86269E-03,  5.58774E-02
388,4.44646E-02,  1.99981E+01,  5.86120E-03,  5.51549E-02
389,4.45353E-02,  1.99728E+01,  5.85991E-03,  5.44370E-02
390,4.46059E-02,  1.99510E+01,  5.85863E-03,  5.38423E-02
391,4.46766E-02,  1.99325E+01,  5.85734E-03,  5.31319E-02
392,4.47473E-02,  1.99054E+01,  5.85625E-03,  5.24262E-02
393,4.48179E-02,  1.98819E+01,  5.85517E-03,  5.18437E-02
394,4.48886E-02,  1.98617E+01,  5.85408E-03,  5.11456E-02
395,4.49593E-02,  1.98329E+01,  5.85320E-03,  5.04524E-02
396,4.50299E-02,  1.98076E+01,  5.85231E-03,  4.98824E-02
397,4.51006E-02,  1.97857E+01,  5.85142E-03,  4.91970E-02
398,4.51713E-02,  1.97552E+01,  5.85074E-03,  4.85166E-02
399,4.52419E-02,  1.97281E+01,  5.85006E-03,  4.79592E-02
400,4.53126E-02,  1.97045E+01,  5.84937E-03,  4.72870E-02
401,4.53832E-02,  1.96723E+01,  5.84889E-03,  4.66196E-02
402,4.54539E-02,  1.96436E+01,  5.84841E-03,  4.60752E-02
403,4.55245E-02,  1.96182E+01,  5.84792E-03,  4.54162E-02
404,4.55952E-02,  1.95844E+01,  5.84764E-03,  4.47621E-02
405,4.56659E-02,  1.95539E+01,  5.84736E-03,  4.42309E-02
406,4.57365E-02,  1.95269E+01,  5.84708E-03,  4.35855E-02
407,4.58072E-02,  1.94914E+01,  5.84701E-03,  4.29451E-02
408,4.58778E-02,  1.94593E+01,  5.84693E-03,  4.24272E-02
409,4.59485E-02,  1.94306E+01,  5.84685E-03,  4.17956E-02
410,4.60191E-02,  1.93935E+01,  5.84697E-03,  4.11690E-02
411,4.60897E-02,  1.93596E+01,  5.84710E-03,  4.06647E-02
412,4.61604E-02,  1.93293E+01,  5.84722E-03,  4.00472E-02
413,4.62310E-02,  1.92906E+01,  5.84755E-03,  3.94347E-02
414,4.63017E-02,  1.92551E+01,  5.84788E-03,  3.89441E-02
415,4.63723E-02,  1.92232E+01,  5.84821E-03,  3.83408E-02
416,4.64429E-02,  1.91828E+01,  5.84874E-03,  3.77426E-02
417,4.65136E-02,  1.91457E+01,  5.84927E-03,  3.72659E-02
418,4.65842E-02,  1.91121E+01,  5.84980E-03,  3.66772E-02
419,4.66548E-02,  1.90703E+01,  5.85054E-03,  3.60935E-02
420,4.67255E-02,  1.90315E+01,  5.85128E-03,  3.56308E-02
421,4.67961E-02,  1.89964E+01,  5.85201E-03,  3.50566E-02
422,4.68667E-02,  1.89529E+01,  5.85295E-03,  3.44876E-02
423,4.69373E-02,  1.89126E+01,  5.85389E-03,  3.40390E-02
424,4.70080E-02,  1.88759E+01,  5.85483E-03,  3.34798E-02
425,4.70786E-02,  1.88309E+01,  5.85598E-03,  3.29256E-02
426,4.71492E-02,  1.87890E+01,  5.85712E-03,  3.24912E-02
427,4.72198E-02,  1.87507E+01,  5.85827E-03,  3.19469E-02
428,4.72904E-02,  1.87043E+01,  5.85962E-03,  3.14077E-02
429,4.73610E-02,  1.86608E+01,  5.86097E-03,  3.09876E-02
430,4.74316E-02,  1.86210E+01,  5.86232E-03,  3.04584E-02
431,4.75022E-02,  1.85732E+01,  5.86387E-03,  2.99342E-02
432,4.75728E-02,  1.85282E+01,  5.86543E-03,  2.95286E-02
433,4.76434E-02,  1.84869E+01,  5.86698E-03,  2.90145E-02
434,4.77140E-02,  1.84375E+01,  5.86874E-03,  2.85055E-02
435,4.77846E-02,  1.83910E+01,  5.87050E-03,  2.81142E-02
436,4.78552E-02,  1.83482E+01,  5.87226E-03,  2.76154E-02
437,4.79258E-02,  1.82975E+01,  5.87423E-03,  2.71217E-02
438,4.79963E-02,  1.82495E+01,  5.87619E-03,  2.67448E-02
439,4.80669E-02,  1.82052E+01,  5.87816E-03,  2.62614E-02
440,4.81375E-02,  1.81530E+01,  5.88033E-03,  2.57829E-02
441,4.82081E-02,  1.81035E+01,  5.88251E-03,  2.54205E-02
442,4.82786E-02,  1.80577E+01,  5.88468E-03,  2.49525E-02
443,4.83492E-02,  1.80042E+01,  5.88706E-03,  2.44896E-02
444,4.84198E-02,  1.79532E+01,  5.88944E-03,  2.41420E-02
445,4.84903E-02,  1.79059E+01,  5.89181E-03,  2.36898E-02
446,4.85609E-02,  1.78510E+01,  5.89440E-03,  2.32430E-02
447,4.86314E-02,  1.77986E+01,  5.89698E-03,  2.29107E-02
448,4.87019E-02,  1.77501E+01,  5.89957E-03,  2.24754E-02
449,4.87725E-02,  1.76941E+01,  5.90236E-03,  2.20459E-02
450,4.88430E-02,  1.76407E+01,  5.90515E-03,  2.17306E-02
451,4.89136E-02,  1.75913E+01,  5.90795E-03,  2.13141E-02
452,4.89841E-02,  1.75347E+01,  5.91095E-03,  2.09037E-02
453,4.90546E-02,  1.74807E+01,  5.91394E-03,  2.06063E-02
454,4.91251E-02,  1.74308E+01,  5.91694E-03,  2.02085E-02
455,4.91956E-02,  1.73738E+01,  5.92015E-03,  1.98165E-02
456,4.92661E-02,  1.73194E+01,  5.92336E-03,  1.95360E-02
457,4.93367E-02,  1.72692E+01,  5.92656E-03,  1.91562E-02
458,4.94071E-02,  1.72120E+01,  5.92998E-03,  1.87821E-02
459,4.94776E-02,  1.71575E+01,  5.93339E-03,  1.85184E-02
460,4.95481E-02,  1.71071E+01,  5.93680E-03,  1.81564E-02
461,4.96186E-02,  1.70500E+01,  5.94043E-03,  1.78001E-02
462,4.96891E-02,  1.69957E+01,  5.94405E-03,  1.75526E-02
463,4.97596E-02,  1.69455E+01,  5.94767E-03,  1.72078E-02
464,4.98301E-02,  1.68888E+01,  5.95150E-03,  1.68679E-02
465,4.99005E-02,  1.68348E+01,  5.95533E-03,  1.66344E-02
466,4.99710E-02,  1.67847E+01,  5.95916E-03,  1.63024E-02
467,5.00414E-02,  1.67277E+01,  5.96319E-03,  1.59704E-02
468,5.01119E-02,  1.66714E+01,  5.96723E-03,  1.57349E-02
469,5.01823E-02,  1.66190E+01,  5.97127E-03,  1.53931E-02
470,5.02528E-02,  1.65616E+01,  5.97551E-03,  1.50641E-02
471,5.03232E-02,  1.65049E+01,  5.97976E-03,  1.48605E-02
472,5.03936E-02,  1.64501E+01,  5.98400E-03,  1.45726E-02
473,5.04641E-02,  1.63884E+01,  5.98846E-03,  1.42919E-02
474,5.05345E-02,  1.63286E+01,  5.99291E-03,  1.41158E-02
475,5.06049E-02,  1.62725E+01,  5.99737E-03,  1.38464E-02
476,5.06753E-02,  1.62097E+01,  6.00203E-03,  1.35808E-02
477,5.07457E-02,  1.61490E+01,  6.00669E-03,  1.34181E-02
478,5.08161E-02,  1.60920E+01,  6.01135E-03,  1.31627E-02
479,5.08865E-02,  1.60284E+01,  6.01622E-03,  1.29108E-02
480,5.09569E-02,  1.59669E+01,  6.02109E-03,  1.27608E-02
481,5.10273E-02,  1.59090E+01,  6.02596E-03,  1.25189E-02
482,5.10976E-02,  1.58447E+01,  6.03104E-03,  1.22805E-02
483,5.11680E-02,  1.57822E+01,  6.03612E-03,  1.21431E-02
484,5.12383E-02,  1.57235E+01,  6.04120E-03,  1.19146E-02
485,5.13087E-02,  1.56582E+01,  6.04649E-03,  1.16898E-02
486,5.13790E-02,  1.55949E+01,  6.05177E-03,  1.15649E-02
487,5.14494E-02,  1.55352E+01,  6.05706E-03,  1.13501E-02
488,5.15197E-02,  1.54691E+01,  6.06256E-03,  1.11390E-02
489,5.15900E-02,  1.54048E+01,  6.06805E-03,  1.10267E-02
490,5.16604E-02,  1.53442E+01,  6.07355E-03,  1.08258E-02
491,5.17307E-02,  1.52772E+01,  6.07925E-03,  1.06284E-02
492,5.18010E-02,  1.52120E+01,  6.08496E-03,  1.05289E-02
493,5.18713E-02,  1.51505E+01,  6.09066E-03,  1.03418E-02
494,5.19416E-02,  1.50827E+01,  6.09658E-03,  1.01584E-02
495,5.20119E-02,  1.50166E+01,  6.10249E-03,  1.00716E-02
496,5.20821E-02,  1.49542E+01,  6.10840E-03,  9.89848E-03
497,5.21524E-02,  1.48856E+01,  6.11452E-03,  9.72898E-03
498,5.22227E-02,  1.48187E+01,  6.12065E-03,  9.65494E-03
499,5.22929E-02,  1.47555E+01,  6.12677E-03,  9.49579E-03
500,5.23632E-02,  1.46861E+01,  6.13310E-03,  9.34022E-03
501,5.24334E-02,  1.46184E+01,  6.13943E-03,  9.27888E-03
502,5.25037E-02,  1.45544E+01,  6.14576E-03,  9.13367E-03
503,5.25739E-02,  1.44844E+01,  6.15230E-03,  8.99200E-03
504,5.26441E-02,  1.44159E+01,  6.15884E-03,  8.94328E-03
505,5.27143E-02,  1.43511E+01,  6.16538E-03,  8.81194E-03
506,5.27845E-02,  1.42805E+01,  6.17213E-03,  8.68411E-03
507,5.28547E-02,  1.42113E+01,  6.17888E-03,  8.64789E-03
508,5.29249E-02,  1.41459E+01,  6.18563E-03,  8.53034E-03
509,5.29951E-02,  1.40747E+01,  6.19259E-03,  8.41624E-03
510,5.30653E-02,  1.40049E+01,  6.19954E-03,  8.39240E-03
511,5.31354E-02,  1.39388E+01,  6.20650E-03,  8.28852E-03
512,5.32056E-02,  1.38671E+01,  6.21367E-03,  8.18803E-03
513,5.32757E-02,  1.37967E+01,  6.22083E-03,  8.17640E-03
514,5.33459E-02,  1.37301E+01,  6.22800E-03,  8.08606E-03
515,5.34160E-02,  1.36578E+01,  6.23537E-03,  7.99903E-03
516,5.34861E-02,  1.35870E+01,  6.24275E-03,  7.99944E-03
517,5.35563E-02,  1.35198E+01,  6.25012E-03,  7.92247E-03
518,5.36264E-02,  1.34472E+01,  6.25771E-03,  7.84873E-03
519,5.36965E-02,  1.33758E+01,  6.26529E-03,  7.86099E-03
520,5.37666E-02,  1.33082E+01,  6.27287E-03,  7.79721E-03
521,5.38366E-02,  1.32352E+01,  6.28067E-03,  7.73659E-03
522,5.39067E-02,  1.31634E+01,  6.28846E-03,  7.76050E-03
523,5.39768E-02,  1.30953E+01,  6.29625E-03,  7.70971E-03
524,5.40468E-02,  1.30220E+01,  6.30425E-03,  7.66199E-03
525,5.41169E-02,  1.29499E+01,  6.31225E-03,  7.69733E-03
526,5.41869E-02,  1.28814E+01,  6.32025E-03,  7.65933E-03
527,5.42569E-02,  1.28079E+01,  6.32846E-03,  7.62431E-03
528,5.43270E-02,  1.27355E+01,  6.33667E-03,  7.67084E-03
529,5.43970E-02,  1.26666E+01,  6.34488E-03,  7.64540E-03
530,5.44670E-02,  1.25928E+01,  6.35330E-03,  7.62286E-03
531,5.45370E-02,  1.25202E+01,  6.36172E-03,  7.68034E-03
532,5.46070E-02,  1.24510E+01,  6.37014E-03,  7.66723E-03
533,5.46769E-02,  1.23771E+01,  6.37876E-03,  7.65691E-03
534,5.47469E-02,  1.23042E+01,  6.38739E-03,  7.72510E-03
535,5.48168E-02,  1.22348E+01,  6.39601E-03,  7.72407E-03
536,5.48868E-02,  1.21607E+01,  6.40485E-03,  7.72574E-03
537,5.49567E-02,  1.20877E+01,  6.41368E-03,  7.80437E-03
538,5.50266E-02,  1.20181E+01,  6.42252E-03,  7.81516E-03
539,5.50966E-02,  1.19439E+01,  6.43156E-03,  7.82857E-03
540,5.51665E-02,  1.18708E+01,  6.44060E-03,  7.91738E-03
541,5.52364E-02,  1.18010E+01,  6.44965E-03,  7.93973E-03
542,5.53062E-02,  1.17268E+01,  6.45890E-03,  7.96459E-03
543,5.53761E-02,  1.16535E+01,  6.46815E-03,  8.06331E-03
544,5.54460E-02,  1.15837E+01,  6.47740E-03,  8.09695E-03
545,5.55158E-02,  1.15094E+01,  6.48686E-03,  8.13301E-03
546,5.55857E-02,  1.14362E+01,  6.49631E-03,  8.24135E-03
547,5.56555E-02,  1.13662E+01,  6.50577E-03,  8.28600E-03
548,5.57253E-02,  1.12920E+01,  6.51544E-03,  8.33296E-03
549,5.57952E-02,  1.12187E+01,  6.52511E-03,  8.45065E-03
550,5.58650E-02,  1.11488E+01,  6.53477E-03,  8.50602E-03
551,5.59347E-02,  1.10746E+01,  6.54465E-03,  8.56361E-03
552,5.60045E-02,  1.10014E+01,  6.55452E-03,  8.69035E-03
553,5.60743E-02,  1.09314E+01,  6.56439E-03,  8.75616E-03
554,5.61441E-02,  1.08574E+01,  6.57447E-03,  8.82408E-03
555,5.62138E-02,  1.07842E+01,  6.58456E-03,  8.95958E-03
556,5.62836E-02,  1.07143E+01,  6.59464E-03,  9.03552E-03
557,5.63533E-02,  1.06405E+01,  6.60493E-03,  9.11347E-03
558,5.64230E-02,  1.05674E+01,  6.61521E-03,  9.25744E-03
559,5.64927E-02,  1.04975E+01,  6.62550E-03,  9.34321E-03
560,5.65624E-02,  1.04239E+01,  6.63600E-03,  9.43090E-03
561,5.66321E-02,  1.03510E+01,  6.64649E-03,  9.58303E-03
562,5.67018E-02,  1.02812E+01,  6.65699E-03,  9.67832E-03
563,5.67714E-02,  1.02078E+01,  6.66769E-03,  9.77543E-03
564,5.68411E-02,  1.01351E+01,  6.67840E-03,  9.93542E-03
565,5.69107E-02,  1.00655E+01,  6.68910E-03,  1.00399E-02
566,5.69803E-02,  9.99232E+00,  6.70001E-03,  1.01462E-02
567,5.70499E-02,  9.91985E+00,  6.71092E-03,  1.03137E-02
568,5.71196E-02,  9.85043E+00,  6.72183E-03,  1.04271E-02
569,5.71891E-02,  9.77755E+00,  6.73294E-03,  1.05421E-02
570,5.72587E-02,  9.70536E+00,  6.74406E-03,  1.07169E-02
571,5.73283E-02,  9.63615E+00,  6.75517E-03,  1.08389E-02
572,5.73979E-02,  9.56361E+00,  6.76650E-03,  1.09624E-02
573,5.74674E-02,  9.49172E+00,  6.77782E-03,  1.11441E-02
574,5.75369E-02,  9.42277E+00,  6.78914E-03,  1.12744E-02
575,5.76065E-02,  9.35060E+00,  6.80067E-03,  1.14060E-02
576,5.76760E-02,  9.27905E+00,  6.81220E-03,  1.15943E-02
577,5.77455E-02,  9.21040E+00,  6.82373E-03,  1.17325E-02
578,5.78149E-02,  9.13864E+00,  6.83546E-03,  1.18720E-02
579,5.78844E-02,  9.06747E+00,  6.84720E-03,  1.20666E-02
580,5.79539E-02,  8.99915E+00,  6.85893E-03,  1.22123E-02
581,5.80233E-02,  8.92783E+00,  6.87087E-03,  1.23593E-02
582,5.80928E-02,  8.85709E+00,  6.88281E-03,  1.25599E-02
583,5.81622E-02,  8.78915E+00,  6.89475E-03,  1.27129E-02
584,5.82316E-02,  8.71831E+00,  6.90690E-03,  1.28670E-02
585,5.83010E-02,  8.64803E+00,  6.91904E-03,  1.30732E-02
586,5.83704E-02,  8.58050E+00,  6.93119E-03,  1.32331E-02
587,5.84397E-02,  8.51019E+00,  6.94354E-03,  1.33941E-02
588,5.85091E-02,  8.44042E+00,  6.95589E-03,  1.36055E-02
589,5.85785E-02,  8.37335E+00,  6.96824E-03,  1.37720E-02
590,5.86478E-02,  8.30361E+00,  6.98080E-03,  1.39393E-02
591,5.87171E-02,  8.23439E+00,  6.99336E-03,  1.41558E-02
592,5.87864E-02,  8.16782E+00,  7.00591E-03,  1.43284E-02
593,5.88557E-02,  8.09869E+00,  7.01867E-03,  1.45018E-02
594,5.89250E-02,  8.03007E+00,  7.03144E-03,  1.47227E-02
595,5.89943E-02,  7.96404E+00,  7.04420E-03,  1.49011E-02
596,5.90635E-02,  7.89557E+00,  7.05716E-03,  1.50801E-02
597,5.91328E-02,  7.82759E+00,  7.07013E-03,  1.53052E-02
598,5.92020E-02,  7.76215E+00,  7.08309E-03,  1.54889E-02
599,5.92712E-02,  7.69437E+00,  7.09626E-03,  1.56730E-02
600,5.93404E-02,  7.62706E+00,  7.10943E-03,  1.59017E-02
601,5.94096E-02,  7.56222E+00,  7.12260E-03,  1.60900E-02
602,5.94788E-02,  7.49512E+00,  7.13598E-03,  1.62786E-02
603,5.95479E-02,  7.42845E+00,  7.14935E-03,  1.65101E-02
604,5.96171E-02,  7.36415E+00,  7.16273E-03,  1.67023E-02
605,5.96862E-02,  7.29763E+00,  7.17630E-03,  1.68945E-02
606,5.97553E-02,  7.23143E+00,  7.18988E-03,  1.71279E-02
607,5.98244E-02,  7.16744E+00,  7.20346E-03,  1.73229E-02
608,5.98935E-02,  7.10118E+00,  7.21724E-03,  1.75174E-02
609,5.99626E-02,  7.03504E+00,  7.23102E-03,  1.77514E-02
610,6.00317E-02,  6.97077E+00,  7.24481E-03,  1.79479E-02
611,6.01007E-02,  6.90399E+00,  7.25879E-03,  1.81440E-02
612,6.01697E-02,  6.83697E+00,  7.27278E-03,  1.83812E-02
613,6.02388E-02,  6.77228E+00,  7.28676E-03,  1.85917E-02
614,6.03078E-02,  6.70531E+00,  7.30095E-03,  1.88121E-02
615,6.03767E-02,  6.63763E+00,  7.31514E-03,  1.90750E-02
616,6.04457E-02,  6.57194E+00,  7.32933E-03,  1.93066E-02
617,6.05147E-02,  6.50456E+00,  7.34372E-03,  1.95397E-02
618,6.05836E-02,  6.43769E+00,  7.35811E-03,  1.98100E-02
619,6.06526E-02,  6.37314E+00,  7.37250E-03,  2.00475E-02
620,6.07215E-02,  6.30703E+00,  7.38709E-03,  2.02853E-02
621,6.07904E-02,  6.24142E+00,  7.40168E-03,  2.05584E-02
622,6.08593E-02,  6.17807E+00,  7.41628E-03,  2.07995E-02
623,6.09281E-02,  6.11321E+00,  7.43107E-03,  2.10404E-02
624,6.09970E-02,  6.04880E+00,  7.44587E-03,  2.13155E-02
625,6.10659E-02,  5.98656E+00,  7.46066E-03,  2.15594E-02
626,6.11347E-02,  5.92283E+00,  7.47566E-03,  2.18030E-02
627,6.12035E-02,  5.85950E+00,  7.49066E-03,  2.20795E-02
628,6.12723E-02,  5.79827E+00,  7.50566E-03,  2.23258E-02
629,6.13411E-02,  5.73558E+00,  7.52086E-03,  2.25717E-02
630,6.14098E-02,  5.67324E+00,  7.53605E-03,  2.28493E-02
631,6.14786E-02,  5.61292E+00,  7.55125E-03,  2.30977E-02
632,6.15473E-02,  5.55118E+00,  7.56665E-03,  2.33457E-02
633,6.16161E-02,  5.48976E+00,  7.58205E-03,  2.36242E-02
634,6.16848E-02,  5.43029E+00,  7.59745E-03,  2.38745E-02
635,6.17535E-02,  5.36945E+00,  7.61306E-03,  2.41243E-02
636,6.18221E-02,  5.30890E+00,  7.62866E-03,  2.44036E-02
637,6.18908E-02,  5.25024E+00,  7.64426E-03,  2.46556E-02
638,6.19594E-02,  5.19026E+00,  7.66006E-03,  2.49071E-02
639,6.20281E-02,  5.13054E+00,  7.67586E-03,  2.51870E-02
640,6.20967E-02,  5.07265E+00,  7.69166E-03,  2.54405E-02
641,6.21653E-02,  5.01351E+00,  7.70767E-03,  2.56935E-02
642,6.22338E-02,  4.95461E+00,  7.72367E-03,  2.59738E-02
643,6.23024E-02,  4.89749E+00,  7.73967E-03,  2.62287E-02
644,6.23710E-02,  4.83917E+00,  7.75587E-03,  2.64830E-02
645,6.24395E-02,  4.78107E+00,  7.77208E-03,  2.67636E-02
646,6.25080E-02,  4.72470E+00,  7.78828E-03,  2.70196E-02
647,6.25765E-02,  4.66720E+00,  7.80468E-03,  2.72751E-02
648,6.26450E-02,  4.60991E+00,  7.82108E-03,  2.75558E-02
649,6.27135E-02,  4.55429E+00,  7.83749E-03,  2.78128E-02
650,6.27819E-02,  4.49760E+00,  7.85409E-03,  2.80693E-02
651,6.28503E-02,  4.44112E+00,  7.87069E-03,  2.83499E-02
652,6.29188E-02,  4.38626E+00,  7.88729E-03,  2.86077E-02
653,6.29872E-02,  4.33038E+00,  7.90409E-03,  2.88650E-02
654,6.30555E-02,  4.27471E+00,  7.92089E-03,  2.91453E-02
655,6.31239E-02,  4.22062E+00,  7.93769E-03,  2.94038E-02
656,6.31923E-02,  4.16557E+00,  7.95469E-03,  2.96617E-02
657,6.32606E-02,  4.11072E+00,  7.97169E-03,  2.99416E-02
658,6.33289E-02,  4.05740E+00,  7.98869E-03,  3.02005E-02
659,6.33972E-02,  4.00318E+00,  8.00589E-03,  3.04588E-02
660,6.34655E-02,  3.94915E+00,  8.02309E-03,  3.07381E-02
661,6.35338E-02,  3.89662E+00,  8.04029E-03,  3.09973E-02
662,6.36020E-02,  3.84324E+00,  8.05768E-03,  3.12558E-02
663,6.36703E-02,  3.79006E+00,  8.07508E-03,  3.15344E-02
664,6.37385E-02,  3.73832E+00,  8.09248E-03,  3.17937E-02
665,6.38067E-02,  3.68579E+00,  8.11007E-03,  3.20523E-02
666,6.38748E-02,  3.63346E+00,  8.12767E-03,  3.23299E-02
667,6.39430E-02,  3.58253E+00,  8.14526E-03,  3.25891E-02
668,6.40112E-02,  3.53087E+00,  8.16305E-03,  3.28475E-02
669,6.40793E-02,  3.47940E+00,  8.18084E-03,  3.31241E-02
670,6.41474E-02,  3.42929E+00,  8.19864E-03,  3.33829E-02
671,6.42155E-02,  3.37850E+00,  8.21662E-03,  3.36410E-02
672,6.42836E-02,  3.32791E+00,  8.23461E-03,  3.39163E-02
673,6.43516E-02,  3.27863E+00,  8.25260E-03,  3.41747E-02
674,6.44197E-02,  3.22873E+00,  8.27079E-03,  3.44323E-02
675,6.44877E-02,  3.17902E+00,  8.28897E-03,  3.47062E-02
676,6.45557E-02,  3.13059E+00,  8.30716E-03,  3.49639E-02
677,6.46237E-02,  3.08159E+00,  8.32554E-03,  3.52208E-02
678,6.46917E-02,  3.03278E+00,  8.34393E-03,  3.54931E-02
679,6.47596E-02,  2.98520E+00,  8.36231E-03,  3.57500E-02
680,6.48275E-02,  2.93711E+00,  8.38089E-03,  3.60060E-02
681,6.48955E-02,  2.88921E+00,  8.39947E-03,  3.62766E-02
682,6.49634E-02,  2.84251E+00,  8.41804E-03,  3.65325E-02
683,6.50312E-02,  2.79533E+00,  8.43682E-03,  3.67874E-02
684,6.50991E-02,  2.74835E+00,  8.45559E-03,  3.70561E-02
685,6.51669E-02,  2.70253E+00,  8.47437E-03,  3.73108E-02
686,6.52348E-02,  2.65628E+00,  8.49334E-03,  3.75645E-02
687,6.53026E-02,  2.61023E+00,  8.51231E-03,  3.78312E-02
688,6.53704E-02,  2.56530E+00,  8.53128E-03,  3.80845E-02
689,6.54381E-02,  2.51999E+00,  8.55045E-03,  3.83368E-02
690,6.55059E-02,  2.47488E+00,  8.56961E-03,  3.86014E-02
691,6.55736E-02,  2.43085E+00,  8.58878E-03,  3.88531E-02
692,6.56413E-02,  2.38648E+00,  8.60814E-03,  3.91039E-02
693,6.57090E-02,  2.34233E+00,  8.62750E-03,  3.93661E-02
694,6.57767E-02,  2.29920E+00,  8.64686E-03,  3.96162E-02
695,6.58443E-02,  2.25579E+00,  8.66641E-03,  3.98653E-02
696,6.59120E-02,  2.21259E+00,  8.68597E-03,  4.01250E-02
697,6.59796E-02,  2.17038E+00,  8.70553E-03,  4.03733E-02
698,6.60472E-02,  2.12793E+00,  8.72528E-03,  4.06204E-02
699,6.61148E-02,  2.08569E+00,  8.74502E-03,  4.08776E-02
700,6.61823E-02,  2.04441E+00,  8.76477E-03,  4.11238E-02
701,6.62499E-02,  2.00292E+00,  8.78472E-03,  4.13690E-02
702,6.63174E-02,  1.96165E+00,  8.80466E-03,  4.16234E-02
703,6.63849E-02,  1.92130E+00,  8.82461E-03,  4.18675E-02
704,6.64524E-02,  1.88077E+00,  8.84474E-03,  4.21105E-02
705,6.65198E-02,  1.84048E+00,  8.86488E-03,  4.23620E-02
706,6.65873E-02,  1.80106E+00,  8.88502E-03,  4.26038E-02
707,6.66547E-02,  1.76150E+00,  8.90535E-03,  4.28445E-02
708,6.67221E-02,  1.72218E+00,  8.92568E-03,  4.30930E-02
709,6.67895E-02,  1.68369E+00,  8.94601E-03,  4.33324E-02
710,6.68569E-02,  1.64511E+00,  8.96653E-03,  4.35706E-02
711,6.69242E-02,  1.60675E+00,  8.98706E-03,  4.38160E-02
712,6.69916E-02,  1.56920E+00,  9.00758E-03,  4.40528E-02
713,6.70589E-02,  1.53158E+00,  9.02830E-03,  4.42884E-02
714,6.71261E-02,  1.49418E+00,  9.04901E-03,  4.45306E-02
715,6.71934E-02,  1.45756E+00,  9.06973E-03,  4.47646E-02
716,6.72607E-02,  1.42088E+00,  9.09064E-03,  4.49974E-02
717,6.73279E-02,  1.38444E+00,  9.11155E-03,  4.52362E-02
718,6.73951E-02,  1.34872E+00,  9.13246E-03,  4.54674E-02
719,6.74623E-02,  1.31298E+00,  9.15356E-03,  4.56973E-02
720,6.75295E-02,  1.27746E+00,  9.17466E-03,  4.59325E-02
721,6.75966E-02,  1.24263E+00,  9.19576E-03,  4.61607E-02
722,6.76637E-02,  1.20779E+00,  9.21705E-03,  4.63875E-02
723,6.77308E-02,  1.17316E+00,  9.23835E-03,  4.66191E-02
724,6.77979E-02,  1.13917E+00,  9.25964E-03,  4.68441E-02
725,6.78650E-02,  1.10518E+00,  9.28112E-03,  4.70677E-02
726,6.79320E-02,  1.07139E+00,  9.30261E-03,  4.72955E-02
727,6.79991E-02,  1.03818E+00,  9.32409E-03,  4.75171E-02
728,6.80661E-02,  1.00498E+00,  9.34577E-03,  4.77374E-02
729,6.81330E-02,  9.71950E-01,  9.36744E-03,  4.79614E-02
730,6.82000E-02,  9.39443E-01,  9.38912E-03,  4.81797E-02
731,6.82670E-02,  9.06935E-01,  9.41098E-03,  4.83966E-02
732,6.83339E-02,  8.74579E-01,  9.43285E-03,  4.86167E-02
733,6.84008E-02,  8.42676E-01,  9.45472E-03,  4.88317E-02
734,6.84677E-02,  8.10764E-01,  9.47677E-03,  4.90454E-02
735,6.85345E-02,  7.78974E-01,  9.49883E-03,  4.92619E-02
736,6.86014E-02,  7.47576E-01,  9.52089E-03,  4.94738E-02
737,6.86682E-02,  7.16163E-01,  9.54313E-03,  4.96846E-02
738,6.87350E-02,  6.84856E-01,  9.56538E-03,  4.98980E-02
739,6.88018E-02,  6.53894E-01,  9.58763E-03,  5.01075E-02
740,6.88685E-02,  6.22934E-01,  9.61006E-03,  5.03162E-02
741,6.89352E-02,  5.92093E-01,  9.63250E-03,  5.05274E-02
742,6.90019E-02,  5.61591E-01,  9.65494E-03,  5.07355E-02
743,6.90686E-02,  5.31157E-01,  9.67756E-03,  5.09434E-02
744,6.91353E-02,  5.00914E-01,  9.70019E-03,  5.11538E-02
745,6.92019E-02,  4.71078E-01,  9.72282E-03,  5.13623E-02
746,6.92686E-02,  4.41461E-01,  9.74563E-03,  5.15711E-02
747,6.93352E-02,  4.12219E-01,  9.76845E-03,  5.17829E-02
748,6.94018E-02,  3.83580E-01,  9.79126E-03,  5.19938E-02
749,6.94683E-02,  3.55454E-01,  9.81427E-03,  5.22056E-02
750,6.95348E-02,  3.27994E-01,  9.83727E-03,  5.24197E-02
751,6.96014E-02,  3.01306E-01,  9.86028E-03,  5.26316E-02
752,6.96678E-02,  2.75056E-01,  9.88347E-03,  5.28408E-02
753,6.97343E-02,  2.48831E-01,  9.90666E-03,  5.30469E-02
754,6.98008E-02,  2.22149E-01,  9.92986E-03,  5.32505E-02
755,6.98672E-02,  1.94618E-01,  9.95324E-03,  5.34687E-02
756,6.99336E-02,  1.70038E-01,  9.97662E-03,  5.37447E-02
757,7.00000E-02,  1.88756E-01,  1.00000E-02,  5.41479E-02
758,7.02466E-02,  2.68988E-01,  1.00000E-02,  5.47217E-02
759,7.04994E-02,  3.75799E-01,  1.00000E-02,  5.54618E-02
760,7.07586E-02,  4.98078E-01,  1.00000E-02,  5.61855E-02
761,7.10244E-02,  6.36616E-01,  1.00000E-02,  5.68993E-02
762,7.12969E-02,  7.86317E-01,  1.00000E-02,  5.75929E-02
763,7.15764E-02,  9.45389E-01,  1.00000E-02,  5.82681E-02
764,7.18629E-02,  1.11179E+00,  1.00000E-02,  5.89186E-02
765,7.21567E-02,  1.28417E+00,  1.00000E-02,  5.95422E-02
766,7.24580E-02,  1.46122E+00,  1.00000E-02,  6.01350E-02
767,7.27669E-02,  1.64182E+00,  1.00000E-02,  6.06938E-02
768,7.30837E-02,  1.82489E+00,  1.00000E-02,  6.12158E-02
769,7.34084E-02,  2.00942E+00,  1.00000E-02,  6.16981E-02
770,7.37415E-02,  2.19444E+00,  1.00000E-02,  6.21384E-02
771,7.40829E-02,  2.37901E+00,  1.00000E-02,  6.25346E-02
772,7.44331E-02,  2.56223E+00,  1.00000E-02,  6.28849E-02
773,7.47921E-02,  2.74323E+00,  1.00000E-02,  6.31879E-02
774,7.51602E-02,  2.92121E+00,  1.00000E-02,  6.34426E-02
775,7.55377E-02,  3.09537E+00,  1.00000E-02,  6.36483E-02
776,7.59247E-02,  3.26499E+00,  1.00000E-02,  6.38047E-02
777,7.63216E-02,  3.42940E+00,  1.00000E-02,  6.39118E-02
778,7.67285E-02,  3.58799E+00,  1.00000E-02,  6.39701E-02
779,7.71458E-02,  3.74023E+00,  1.00000E-02,  6.39803E-02
780,7.75736E-02,  3.88564E+00,  1.00000E-02,  6.39436E-02
781,7.80123E-02,  4.02384E+00,  1.00000E-02,  6.38612E-02
782,7.84621E-02,  4.15452E+00,  1.00000E-02,  6.37347E-02
783,7.89234E-02,  4.27744E+00,  1.00000E-02,  6.35660E-02
784,7.93963E-02,  4.39247E+00,  1.00000E-02,  6.33569E-02
785,7.98812E-02,  4.49955E+00,  1.00000E-02,  6.31096E-02
786,8.03785E-02,  4.59870E+00,  1.00000E-02,  6.28263E-02
787,8.08883E-02,  4.69002E+00,  1.00000E-02,  6.25091E-02
788,8.14111E-02,  4.77369E+00,  1.00000E-02,  6.21602E-02
789,8.19472E-02,  4.84996E+00,  1.00000E-02,  6.17816E-02
790,8.24968E-02,  4.91914E+00,  1.00000E-02,  6.13755E-02
791,8.30604E-02,  4.98159E+00,  1.00000E-02,  6.09435E-02
792,8.36383E-02,  5.03773E+00,  1.00000E-02,  6.04875E-02
793,8.42308E-02,  5.08801E+00,  1.00000E-02,  6.00087E-02
794,8.48384E-02,  5.13292E+00,  1.00000E-02,  5.95086E-02
795,8.54614E-02,  5.17295E+00,  1.00000E-02,  5.89880E-02
796,8.61002E-02,  5.20863E+00,  1.00000E-02,  5.84477E-02
797,8.67553E-02,  5.24046E+00,  1.00000E-02,  5.78880E-02
798,8.74269E-02,  5.26895E+00,  1.00000E-02,  5.73093E-02
799,8.81156E-02,  5.29459E+00,  1.00000E-02,  5.67114E-02
800,8.88217E-02,  5.31784E+00,  1.00000E-02,  5.60939E-02
801,8.95458E-02,  5.33915E+00,  1.00000E-02,  5.54564E-02
802,9.02882E-02,  5.35892E+00,  1.00000E-02,  5.47980E-02
803,9.10495E-02,  5.37750E+00,  1.00000E-02,  5.41177E-02
804,9.18300E-02,  5.39522E+00,  1.00000E-02,  5.34145E-02
805,9.26304E-02,  5.41235E+00,  1.00000E-02,  5.26869E-02
806,9.34511E-02,  5.42911E+00,  1.00000E-02,  5.19336E-02
807,9.42926E-02,  5.44569E+00,  1.00000E-02,  5.11532E-02
808,9.51555E-02,  5.46222E+00,  1.00000E-02,  5.03440E-02
809,9.60402E-02,  5.47880E+00,  1.00000E-02,  4.95044E-02
810,9.69474E-02,  5.49547E+00,  1.00000E-02,  4.86330E-02
811,9.78776E-02,  5.51224E+00,  1.00000E-02,  4.77281E-02
812,9.88314E-02,  5.52911E+00,  1.00000E-02,  4.67883E-02
813,9.98094E-02,  5.54602E+00,  1.00000E-02,  4.58121E-02
814,1.00812E-01,  5.56292E+00,  1.00000E-02,  4.47981E-02
815,1.01840E-01,  5.57973E+00,  1.00000E-02,  4.37452E-02
816,1.02895E-01,  5.59635E+00,  1.00000E-02,  4.26521E-02
817,1.03976E-01,  5.61269E+00,  1.00000E-02,  4.15177E-02
818,1.05084E-01,  5.62866E+00,  1.00000E-02,  4.03411E-02
819,1.06221E-01,  5.64417E+00,  1.00000E-02,  3.91214E-02
820,1.07387E-01,  5.65913E+00,  1.00000E-02,  3.78579E-02
821,1.08582E-01,  5.67348E+00,  1.00000E-02,  3.65497E-02
822,1.09807E-01,  5.68715E+00,  1.00000E-02,  3.51962E-02
823,1.11063E-01,  5.70010E+00,  1.00000E-02,  3.37969E-02
824,1.12352E-01,  5.71229E+00,  1.00000E-02,  3.23510E-02
825,1.13673E-01,  5.72370E+00,  1.00000E-02,  3.08581E-02
826,1.15027E-01,  5.73433E+00,  1.00000E-02,  2.93175E-02
827,1.16416E-01,  5.74419E+00,  1.00000E-02,  2.77288E-02
828,1.17840E-01,  5.75328E+00,  1.00000E-02,  2.60911E-02
829,1.19301E-01,  5.76163E+00,  1.00000E-02,  2.44041E-02
830,1.20798E-01,  5.76928E+00,  1.00000E-02,  2.26668E-02
831,1.22333E-01,  5.77625E+00,  1.00000E-02,  2.08787E-02
832,1.23907E-01,  5.78259E+00,  1.00000E-02,  1.90389E-02
833,1.25522E-01,  5.78834E+00,  1.00000E-02,  1.71467E-02
834,1.27177E-01,  5.79353E+00,  1.00000E-02,  1.52011E-02
835,1.28874E-01,  5.79821E+00,  1.00000E-02,  1.32013E-02
836,1.30614E-01,  5.80242E+00,  1.00000E-02,  1.11462E-02
837,1.32398E-01,  5.80619E+00,  1.00000E-02,  9.03484E-03
838,1.34228E-01,  5.80953E+00,  1.00000E-02,  6.86612E-03
839,1.36104E-01,  5.81243E+00,  1.00000E-02,  4.63883E-03
840,1.38028E-01,  5.81513E+00,  1.00000E-02,  2.35226E-03
841,1.40000E-01,  5.81649E+00,  1.00000E-02,  4.90848E-06
