 1 ,5.33576E-45 ,  2.90999E+01
 2 ,1.30767E-03 ,  2.90382E+01
 3 ,2.53992E-03 ,  2.89248E+01
 4 ,3.70108E-03 ,  2.88261E+01
 5 ,4.79527E-03 ,  2.87328E+01
 6 ,5.82634E-03 ,  2.86392E+01
 7 ,6.79794E-03 ,  2.85422E+01
 8 ,7.71349E-03 ,  2.84399E+01
 9 ,8.57623E-03 ,  2.83312E+01
10 ,9.38921E-03 ,  2.82155E+01
11 ,1.01553E-02 ,  2.80924E+01
12 ,1.08772E-02 ,  2.79618E+01
13 ,1.15574E-02 ,  2.78241E+01
14 ,1.21985E-02 ,  2.76794E+01
15 ,1.28025E-02 ,  2.75282E+01
16 ,1.33717E-02 ,  2.73710E+01
17 ,1.39081E-02 ,  2.72083E+01
18 ,1.44135E-02 ,  2.70406E+01
19 ,1.48898E-02 ,  2.68686E+01
20 ,1.53386E-02 ,  2.66928E+01
21 ,1.57615E-02 ,  2.65138E+01
22 ,1.61600E-02 ,  2.63319E+01
23 ,1.65355E-02 ,  2.61478E+01
24 ,1.68894E-02 ,  2.59617E+01
25 ,1.72228E-02 ,  2.57741E+01
26 ,1.75371E-02 ,  2.55850E+01
27 ,1.78332E-02 ,  2.53946E+01
28 ,1.81122E-02 ,  2.52029E+01
29 ,1.83751E-02 ,  2.50098E+01
30 ,1.86229E-02 ,  2.48148E+01
31 ,1.88563E-02 ,  2.46174E+01
32 ,1.90763E-02 ,  2.44168E+01
33 ,1.92836E-02 ,  2.42115E+01
34 ,1.94790E-02 ,  2.39955E+01
35 ,1.96631E-02 ,  2.37358E+01
36 ,1.98365E-02 ,  2.33815E+01
37 ,2.00000E-02 ,  2.30873E+01
38 ,2.00720E-02 ,  2.31500E+01
39 ,2.01439E-02 ,  2.34810E+01
40 ,2.02159E-02 ,  2.38261E+01
41 ,2.02878E-02 ,  2.41300E+01
42 ,2.03597E-02 ,  2.43846E+01
43 ,2.04317E-02 ,  2.46052E+01
44 ,2.05036E-02 ,  2.48114E+01
45 ,2.05756E-02 ,  2.50061E+01
46 ,2.06475E-02 ,  2.51957E+01
47 ,2.07194E-02 ,  2.53870E+01
48 ,2.07913E-02 ,  2.55738E+01
49 ,2.08632E-02 ,  2.57575E+01
50 ,2.09351E-02 ,  2.59431E+01
51 ,2.10070E-02 ,  2.61239E+01
52 ,2.10789E-02 ,  2.63017E+01
53 ,2.11508E-02 ,  2.64818E+01
54 ,2.12227E-02 ,  2.66575E+01
55 ,2.12946E-02 ,  2.68308E+01
56 ,2.13665E-02 ,  2.70072E+01
57 ,2.14384E-02 ,  2.71796E+01
58 ,2.15102E-02 ,  2.73500E+01
59 ,2.15821E-02 ,  2.75239E+01
60 ,2.16540E-02 ,  2.76942E+01
61 ,2.17258E-02 ,  2.78629E+01
62 ,2.17977E-02 ,  2.80355E+01
63 ,2.18695E-02 ,  2.82046E+01
64 ,2.19414E-02 ,  2.83724E+01
65 ,2.20132E-02 ,  2.85444E+01
66 ,2.20850E-02 ,  2.87131E+01
67 ,2.21569E-02 ,  2.88807E+01
68 ,2.22287E-02 ,  2.90527E+01
69 ,2.23005E-02 ,  2.92215E+01
70 ,2.23723E-02 ,  2.93893E+01
71 ,2.24441E-02 ,  2.95618E+01
72 ,2.25159E-02 ,  2.97312E+01
73 ,2.25877E-02 ,  2.98998E+01
74 ,2.26595E-02 ,  3.00732E+01
75 ,2.27313E-02 ,  3.02435E+01
76 ,2.28031E-02 ,  3.04132E+01
77 ,2.28748E-02 ,  3.05878E+01
78 ,2.29466E-02 ,  3.07594E+01
79 ,2.30184E-02 ,  3.09303E+01
80 ,2.30901E-02 ,  3.11064E+01
81 ,2.31619E-02 ,  3.12796E+01
82 ,2.32336E-02 ,  3.14521E+01
83 ,2.33054E-02 ,  3.16299E+01
84 ,2.33771E-02 ,  3.18048E+01
85 ,2.34488E-02 ,  3.19791E+01
86 ,2.35205E-02 ,  3.21589E+01
87 ,2.35923E-02 ,  3.23357E+01
88 ,2.36640E-02 ,  3.25120E+01
89 ,2.37357E-02 ,  3.26939E+01
90 ,2.38074E-02 ,  3.28728E+01
91 ,2.38791E-02 ,  3.30512E+01
92 ,2.39507E-02 ,  3.32354E+01
93 ,2.40224E-02 ,  3.34165E+01
94 ,2.40941E-02 ,  3.35973E+01
95 ,2.41658E-02 ,  3.37838E+01
96 ,2.42374E-02 ,  3.39673E+01
97 ,2.43091E-02 ,  3.41505E+01
98 ,2.43807E-02 ,  3.43396E+01
99 ,2.44524E-02 ,  3.45255E+01
100 ,2.45240E-02 ,  3.47113E+01
101 ,2.45956E-02 ,  3.49030E+01
102 ,2.46673E-02 ,  3.50916E+01
103 ,2.47389E-02 ,  3.52800E+01
104 ,2.48105E-02 ,  3.54744E+01
105 ,2.48821E-02 ,  3.56657E+01
106 ,2.49537E-02 ,  3.58569E+01
107 ,2.50253E-02 ,  3.60542E+01
108 ,2.50968E-02 ,  3.62483E+01
109 ,2.51684E-02 ,  3.64423E+01
110 ,2.52400E-02 ,  3.66425E+01
111 ,2.53115E-02 ,  3.68395E+01
112 ,2.53831E-02 ,  3.70364E+01
113 ,2.54546E-02 ,  3.72397E+01
114 ,2.55262E-02 ,  3.74397E+01
115 ,2.55977E-02 ,  3.76396E+01
116 ,2.56692E-02 ,  3.78460E+01
117 ,2.57408E-02 ,  3.80490E+01
118 ,2.58123E-02 ,  3.82521E+01
119 ,2.58838E-02 ,  3.84616E+01
120 ,2.59553E-02 ,  3.86678E+01
121 ,2.60268E-02 ,  3.88740E+01
122 ,2.60983E-02 ,  3.90868E+01
123 ,2.61697E-02 ,  3.92962E+01
124 ,2.62412E-02 ,  3.95057E+01
125 ,2.63127E-02 ,  3.97218E+01
126 ,2.63841E-02 ,  3.99345E+01
127 ,2.64556E-02 ,  4.01473E+01
128 ,2.65270E-02 ,  4.03668E+01
129 ,2.65984E-02 ,  4.05828E+01
130 ,2.66699E-02 ,  4.07990E+01
131 ,2.67413E-02 ,  4.10220E+01
132 ,2.68127E-02 ,  4.12415E+01
133 ,2.68841E-02 ,  4.14611E+01
134 ,2.69555E-02 ,  4.16877E+01
135 ,2.70269E-02 ,  4.19106E+01
136 ,2.70983E-02 ,  4.21338E+01
137 ,2.71696E-02 ,  4.23639E+01
138 ,2.72410E-02 ,  4.25904E+01
139 ,2.73124E-02 ,  4.28172E+01
140 ,2.73837E-02 ,  4.30510E+01
141 ,2.74550E-02 ,  4.32812E+01
142 ,2.75264E-02 ,  4.35116E+01
143 ,2.75977E-02 ,  4.37492E+01
144 ,2.76690E-02 ,  4.39830E+01
145 ,2.77403E-02 ,  4.42171E+01
146 ,2.78116E-02 ,  4.44585E+01
147 ,2.78829E-02 ,  4.46961E+01
148 ,2.79542E-02 ,  4.49341E+01
149 ,2.80255E-02 ,  4.51793E+01
150 ,2.80968E-02 ,  4.54208E+01
151 ,2.81680E-02 ,  4.56626E+01
152 ,2.82393E-02 ,  4.59118E+01
153 ,2.83105E-02 ,  4.61572E+01
154 ,2.83818E-02 ,  4.64029E+01
155 ,2.84530E-02 ,  4.66562E+01
156 ,2.85242E-02 ,  4.69055E+01
157 ,2.85955E-02 ,  4.71553E+01
158 ,2.86667E-02 ,  4.74126E+01
159 ,2.87379E-02 ,  4.76660E+01
160 ,2.88091E-02 ,  4.79199E+01
161 ,2.88802E-02 ,  4.81814E+01
162 ,2.89514E-02 ,  4.84389E+01
163 ,2.90226E-02 ,  4.86970E+01
164 ,2.90937E-02 ,  4.89628E+01
165 ,2.91649E-02 ,  4.92246E+01
166 ,2.92360E-02 ,  4.94870E+01
167 ,2.93072E-02 ,  4.97571E+01
168 ,2.93783E-02 ,  5.00233E+01
169 ,2.94494E-02 ,  5.02902E+01
170 ,2.95205E-02 ,  5.05649E+01
171 ,2.95916E-02 ,  5.08357E+01
172 ,2.96627E-02 ,  5.11072E+01
173 ,2.97338E-02 ,  5.13868E+01
174 ,2.98049E-02 ,  5.16625E+01
175 ,2.98759E-02 ,  5.19391E+01
176 ,2.99470E-02 ,  5.22239E+01
177 ,3.00181E-02 ,  5.25046E+01
178 ,3.00891E-02 ,  5.27859E+01
179 ,3.01601E-02 ,  5.30743E+01
180 ,3.02312E-02 ,  5.33618E+01
181 ,3.03022E-02 ,  5.36597E+01
182 ,3.03732E-02 ,  5.39583E+01
183 ,3.04442E-02 ,  5.42406E+01
184 ,3.05152E-02 ,  5.45253E+01
185 ,3.05862E-02 ,  5.48195E+01
186 ,3.06572E-02 ,  5.51106E+01
187 ,3.07281E-02 ,  5.54032E+01
188 ,3.07991E-02 ,  5.57044E+01
189 ,3.08700E-02 ,  5.60017E+01
190 ,3.09410E-02 ,  5.63000E+01
191 ,3.10119E-02 ,  5.66066E+01
192 ,3.10828E-02 ,  5.69091E+01
193 ,3.11538E-02 ,  5.72124E+01
194 ,3.12247E-02 ,  5.75239E+01
195 ,3.12956E-02 ,  5.78312E+01
196 ,3.13665E-02 ,  5.81393E+01
197 ,3.14374E-02 ,  5.84555E+01
198 ,3.15082E-02 ,  5.87675E+01
199 ,3.15791E-02 ,  5.90803E+01
200 ,3.16500E-02 ,  5.94012E+01
201 ,3.17208E-02 ,  5.97179E+01
202 ,3.17917E-02 ,  6.00355E+01
203 ,3.18625E-02 ,  6.03612E+01
204 ,3.19333E-02 ,  6.06826E+01
205 ,3.20041E-02 ,  6.10050E+01
206 ,3.20750E-02 ,  6.13354E+01
207 ,3.21458E-02 ,  6.16617E+01
208 ,3.22166E-02 ,  6.19889E+01
209 ,3.22873E-02 ,  6.23241E+01
210 ,3.23581E-02 ,  6.26553E+01
211 ,3.24289E-02 ,  6.29874E+01
212 ,3.24996E-02 ,  6.33275E+01
213 ,3.25704E-02 ,  6.36636E+01
214 ,3.26412E-02 ,  6.40007E+01
215 ,3.27119E-02 ,  6.43458E+01
216 ,3.27826E-02 ,  6.46868E+01
217 ,3.28533E-02 ,  6.50289E+01
218 ,3.29240E-02 ,  6.53791E+01
219 ,3.29947E-02 ,  6.57252E+01
220 ,3.30654E-02 ,  6.60724E+01
221 ,3.31361E-02 ,  6.64276E+01
222 ,3.32068E-02 ,  6.67789E+01
223 ,3.32775E-02 ,  6.71313E+01
224 ,3.33481E-02 ,  6.74916E+01
225 ,3.34188E-02 ,  6.78481E+01
226 ,3.34895E-02 ,  6.82057E+01
227 ,3.35601E-02 ,  6.85711E+01
228 ,3.36307E-02 ,  6.89329E+01
229 ,3.37014E-02 ,  6.92958E+01
230 ,3.37720E-02 ,  6.96664E+01
231 ,3.38426E-02 ,  7.00335E+01
232 ,3.39132E-02 ,  7.04017E+01
233 ,3.39838E-02 ,  7.07777E+01
234 ,3.40543E-02 ,  7.11501E+01
235 ,3.41249E-02 ,  7.15237E+01
236 ,3.41955E-02 ,  7.19050E+01
237 ,3.42661E-02 ,  7.22828E+01
238 ,3.43366E-02 ,  7.26619E+01
239 ,3.44072E-02 ,  7.30484E+01
240 ,3.44777E-02 ,  7.34317E+01
241 ,3.45482E-02 ,  7.38163E+01
242 ,3.46187E-02 ,  7.42082E+01
243 ,3.46893E-02 ,  7.45970E+01
244 ,3.47598E-02 ,  7.49871E+01
245 ,3.48303E-02 ,  7.53844E+01
246 ,3.49008E-02 ,  7.57788E+01
247 ,3.49713E-02 ,  7.61744E+01
248 ,3.50417E-02 ,  7.65771E+01
249 ,3.51122E-02 ,  7.69770E+01
250 ,3.51827E-02 ,  7.73783E+01
251 ,3.52531E-02 ,  7.77864E+01
252 ,3.53236E-02 ,  7.81919E+01
253 ,3.53940E-02 ,  7.85988E+01
254 ,3.54644E-02 ,  7.90124E+01
255 ,3.55349E-02 ,  7.94235E+01
256 ,3.56053E-02 ,  7.98360E+01
257 ,3.56757E-02 ,  8.02550E+01
258 ,3.57461E-02 ,  8.06718E+01
259 ,3.58165E-02 ,  8.10900E+01
260 ,3.58869E-02 ,  8.15144E+01
261 ,3.59573E-02 ,  8.19368E+01
262 ,3.60277E-02 ,  8.23606E+01
263 ,3.60980E-02 ,  8.27905E+01
264 ,3.61684E-02 ,  8.32186E+01
265 ,3.62388E-02 ,  8.36480E+01
266 ,3.63091E-02 ,  8.40833E+01
267 ,3.63795E-02 ,  8.45170E+01
268 ,3.64498E-02 ,  8.49521E+01
269 ,3.65201E-02 ,  8.53927E+01
270 ,3.65905E-02 ,  8.58321E+01
271 ,3.66608E-02 ,  8.62728E+01
272 ,3.67311E-02 ,  8.67187E+01
273 ,3.68014E-02 ,  8.71637E+01
274 ,3.68717E-02 ,  8.76101E+01
275 ,3.69420E-02 ,  8.80613E+01
276 ,3.70123E-02 ,  8.85118E+01
277 ,3.70826E-02 ,  8.89637E+01
278 ,3.71529E-02 ,  8.94201E+01
279 ,3.72231E-02 ,  8.98762E+01
280 ,3.72934E-02 ,  9.03337E+01
281 ,3.73636E-02 ,  9.07952E+01
282 ,3.74339E-02 ,  9.12568E+01
283 ,3.75042E-02 ,  9.17197E+01
284 ,3.75744E-02 ,  9.21863E+01
285 ,3.76446E-02 ,  9.26533E+01
286 ,3.77149E-02 ,  9.31216E+01
287 ,3.77851E-02 ,  9.35932E+01
288 ,3.78553E-02 ,  9.40655E+01
289 ,3.79255E-02 ,  9.45392E+01
290 ,3.79957E-02 ,  9.50155E+01
291 ,3.80659E-02 ,  9.54931E+01
292 ,3.81361E-02 ,  9.59720E+01
293 ,3.82063E-02 ,  9.64531E+01
294 ,3.82765E-02 ,  9.69358E+01
295 ,3.83467E-02 ,  9.74199E+01
296 ,3.84169E-02 ,  9.79055E+01
297 ,3.84871E-02 ,  9.83932E+01
298 ,3.85572E-02 ,  9.88823E+01
299 ,3.86274E-02 ,  9.93724E+01
300 ,3.86976E-02 ,  9.98650E+01
301 ,3.87677E-02 ,  1.00359E+02
302 ,3.88379E-02 ,  1.00853E+02
303 ,3.89080E-02 ,  1.01351E+02
304 ,3.89782E-02 ,  1.01849E+02
305 ,3.90483E-02 ,  1.02348E+02
306 ,3.91184E-02 ,  1.02850E+02
307 ,3.91886E-02 ,  1.03353E+02
308 ,3.92587E-02 ,  1.03855E+02
309 ,3.93288E-02 ,  1.04361E+02
310 ,3.93989E-02 ,  1.04869E+02
311 ,3.94691E-02 ,  1.05375E+02
312 ,3.95392E-02 ,  1.05885E+02
313 ,3.96093E-02 ,  1.06397E+02
314 ,3.96794E-02 ,  1.06906E+02
315 ,3.97495E-02 ,  1.07421E+02
316 ,3.98196E-02 ,  1.07936E+02
317 ,3.98897E-02 ,  1.08449E+02
318 ,3.99598E-02 ,  1.08967E+02
319 ,4.00299E-02 ,  1.09486E+02
320 ,4.00999E-02 ,  1.10001E+02
321 ,4.01700E-02 ,  1.10523E+02
322 ,4.02401E-02 ,  1.11046E+02
323 ,4.03102E-02 ,  1.11566E+02
324 ,4.03803E-02 ,  1.12090E+02
325 ,4.04503E-02 ,  1.12605E+02
326 ,4.05204E-02 ,  1.13128E+02
327 ,4.05905E-02 ,  1.13674E+02
328 ,4.06605E-02 ,  1.14215E+02
329 ,4.07306E-02 ,  1.14746E+02
330 ,4.08006E-02 ,  1.15283E+02
331 ,4.08707E-02 ,  1.15820E+02
332 ,4.09408E-02 ,  1.16347E+02
333 ,4.10108E-02 ,  1.16883E+02
334 ,4.10809E-02 ,  1.17420E+02
335 ,4.11509E-02 ,  1.17945E+02
336 ,4.12210E-02 ,  1.18481E+02
337 ,4.12910E-02 ,  1.19018E+02
338 ,4.13610E-02 ,  1.19542E+02
339 ,4.14311E-02 ,  1.20078E+02
340 ,4.15011E-02 ,  1.20615E+02
341 ,4.15712E-02 ,  1.21139E+02
342 ,4.16412E-02 ,  1.21676E+02
343 ,4.17112E-02 ,  1.22213E+02
344 ,4.17813E-02 ,  1.22736E+02
345 ,4.18513E-02 ,  1.23273E+02
346 ,4.19213E-02 ,  1.23811E+02
347 ,4.19914E-02 ,  1.24332E+02
348 ,4.20614E-02 ,  1.24869E+02
349 ,4.21314E-02 ,  1.25406E+02
350 ,4.22015E-02 ,  1.25927E+02
351 ,4.22715E-02 ,  1.26462E+02
352 ,4.23415E-02 ,  1.27000E+02
353 ,4.24115E-02 ,  1.27518E+02
354 ,4.24816E-02 ,  1.28052E+02
355 ,4.25516E-02 ,  1.28588E+02
356 ,4.26216E-02 ,  1.29103E+02
357 ,4.26916E-02 ,  1.29636E+02
358 ,4.27617E-02 ,  1.30170E+02
359 ,4.28317E-02 ,  1.30681E+02
360 ,4.29017E-02 ,  1.31211E+02
361 ,4.29717E-02 ,  1.31743E+02
362 ,4.30418E-02 ,  1.32250E+02
363 ,4.31118E-02 ,  1.32776E+02
364 ,4.31818E-02 ,  1.33305E+02
365 ,4.32519E-02 ,  1.33807E+02
366 ,4.33219E-02 ,  1.34329E+02
367 ,4.33919E-02 ,  1.34853E+02
368 ,4.34619E-02 ,  1.35348E+02
369 ,4.35320E-02 ,  1.35865E+02
370 ,4.36020E-02 ,  1.36385E+02
371 ,4.36720E-02 ,  1.36873E+02
372 ,4.37421E-02 ,  1.37384E+02
373 ,4.38121E-02 ,  1.37897E+02
374 ,4.38821E-02 ,  1.38377E+02
375 ,4.39522E-02 ,  1.38880E+02
376 ,4.40222E-02 ,  1.39386E+02
377 ,4.40922E-02 ,  1.39857E+02
378 ,4.41623E-02 ,  1.40352E+02
379 ,4.42323E-02 ,  1.40851E+02
380 ,4.43023E-02 ,  1.41311E+02
381 ,4.43724E-02 ,  1.41796E+02
382 ,4.44424E-02 ,  1.42286E+02
383 ,4.45125E-02 ,  1.42734E+02
384 ,4.45825E-02 ,  1.43209E+02
385 ,4.46526E-02 ,  1.43688E+02
386 ,4.47226E-02 ,  1.44124E+02
387 ,4.47927E-02 ,  1.44587E+02
388 ,4.48627E-02 ,  1.45055E+02
389 ,4.49328E-02 ,  1.45476E+02
390 ,4.50028E-02 ,  1.45926E+02
391 ,4.50729E-02 ,  1.46381E+02
392 ,4.51429E-02 ,  1.46787E+02
393 ,4.52130E-02 ,  1.47223E+02
394 ,4.52830E-02 ,  1.47664E+02
395 ,4.53531E-02 ,  1.48053E+02
396 ,4.54232E-02 ,  1.48473E+02
397 ,4.54932E-02 ,  1.48898E+02
398 ,4.55633E-02 ,  1.49269E+02
399 ,4.56334E-02 ,  1.49672E+02
400 ,4.57034E-02 ,  1.50081E+02
401 ,4.57735E-02 ,  1.50433E+02
402 ,4.58436E-02 ,  1.50817E+02
403 ,4.59137E-02 ,  1.51207E+02
404 ,4.59838E-02 ,  1.51538E+02
405 ,4.60538E-02 ,  1.51902E+02
406 ,4.61239E-02 ,  1.52273E+02
407 ,4.61940E-02 ,  1.52581E+02
408 ,4.62641E-02 ,  1.52924E+02
409 ,4.63342E-02 ,  1.53273E+02
410 ,4.64043E-02 ,  1.53558E+02
411 ,4.64744E-02 ,  1.53878E+02
412 ,4.65445E-02 ,  1.54205E+02
413 ,4.66146E-02 ,  1.54464E+02
414 ,4.66847E-02 ,  1.54759E+02
415 ,4.67548E-02 ,  1.55063E+02
416 ,4.68249E-02 ,  1.55295E+02
417 ,4.68950E-02 ,  1.55564E+02
418 ,4.69651E-02 ,  1.55842E+02
419 ,4.70352E-02 ,  1.56046E+02
420 ,4.71053E-02 ,  1.56287E+02
421 ,4.71754E-02 ,  1.56538E+02
422 ,4.72455E-02 ,  1.56712E+02
423 ,4.73156E-02 ,  1.56924E+02
424 ,4.73858E-02 ,  1.57145E+02
425 ,4.74559E-02 ,  1.57288E+02
426 ,4.75260E-02 ,  1.57468E+02
427 ,4.75961E-02 ,  1.57659E+02
428 ,4.76663E-02 ,  1.57769E+02
429 ,4.77364E-02 ,  1.57916E+02
430 ,4.78065E-02 ,  1.58076E+02
431 ,4.78766E-02 ,  1.58151E+02
432 ,4.79468E-02 ,  1.58265E+02
433 ,4.80169E-02 ,  1.58392E+02
434 ,4.80870E-02 ,  1.58432E+02
435 ,4.81572E-02 ,  1.58510E+02
436 ,4.82273E-02 ,  1.58601E+02
437 ,4.82974E-02 ,  1.58603E+02
438 ,4.83676E-02 ,  1.58641E+02
439 ,4.84377E-02 ,  1.58693E+02
440 ,4.85078E-02 ,  1.58651E+02
441 ,4.85780E-02 ,  1.58647E+02
442 ,4.86481E-02 ,  1.58659E+02
443 ,4.87183E-02 ,  1.58577E+02
444 ,4.87884E-02 ,  1.58534E+02
445 ,4.88585E-02 ,  1.58511E+02
446 ,4.89287E-02 ,  1.58397E+02
447 ,4.89988E-02 ,  1.58324E+02
448 ,4.90689E-02 ,  1.58275E+02
449 ,4.91391E-02 ,  1.58137E+02
450 ,4.92092E-02 ,  1.58042E+02
451 ,4.92794E-02 ,  1.57974E+02
452 ,4.93495E-02 ,  1.57816E+02
453 ,4.94196E-02 ,  1.57700E+02
454 ,4.94898E-02 ,  1.57614E+02
455 ,4.95599E-02 ,  1.57436E+02
456 ,4.96300E-02 ,  1.57299E+02
457 ,4.97002E-02 ,  1.57194E+02
458 ,4.97703E-02 ,  1.56996E+02
459 ,4.98404E-02 ,  1.56840E+02
460 ,4.99106E-02 ,  1.56717E+02
461 ,4.99807E-02 ,  1.56503E+02
462 ,5.00508E-02 ,  1.56332E+02
463 ,5.01209E-02 ,  1.56199E+02
464 ,5.01911E-02 ,  1.55978E+02
465 ,5.02612E-02 ,  1.55805E+02
466 ,5.03313E-02 ,  1.55678E+02
467 ,5.04014E-02 ,  1.55480E+02
468 ,5.04715E-02 ,  1.55260E+02
469 ,5.05416E-02 ,  1.55048E+02
470 ,5.06117E-02 ,  1.54908E+02
471 ,5.06818E-02 ,  1.54837E+02
472 ,5.07519E-02 ,  1.54688E+02
473 ,5.08220E-02 ,  1.54399E+02
474 ,5.08921E-02 ,  1.54124E+02
475 ,5.09622E-02 ,  1.53869E+02
476 ,5.10323E-02 ,  1.53497E+02
477 ,5.11023E-02 ,  1.53150E+02
478 ,5.11724E-02 ,  1.52827E+02
479 ,5.12425E-02 ,  1.52388E+02
480 ,5.13125E-02 ,  1.51973E+02
481 ,5.13826E-02 ,  1.51587E+02
482 ,5.14526E-02 ,  1.51085E+02
483 ,5.15227E-02 ,  1.50608E+02
484 ,5.15927E-02 ,  1.50162E+02
485 ,5.16627E-02 ,  1.49601E+02
486 ,5.17328E-02 ,  1.49066E+02
487 ,5.18028E-02 ,  1.48564E+02
488 ,5.18728E-02 ,  1.47947E+02
489 ,5.19428E-02 ,  1.47354E+02
490 ,5.20128E-02 ,  1.46798E+02
491 ,5.20828E-02 ,  1.46127E+02
492 ,5.21528E-02 ,  1.45480E+02
493 ,5.22227E-02 ,  1.44872E+02
494 ,5.22927E-02 ,  1.44149E+02
495 ,5.23627E-02 ,  1.43451E+02
496 ,5.24326E-02 ,  1.42792E+02
497 ,5.25026E-02 ,  1.42020E+02
498 ,5.25725E-02 ,  1.41272E+02
499 ,5.26424E-02 ,  1.40565E+02
500 ,5.27123E-02 ,  1.39746E+02
501 ,5.27822E-02 ,  1.38950E+02
502 ,5.28521E-02 ,  1.38198E+02
503 ,5.29220E-02 ,  1.37334E+02
504 ,5.29919E-02 ,  1.36492E+02
505 ,5.30618E-02 ,  1.35696E+02
506 ,5.31316E-02 ,  1.34790E+02
507 ,5.32015E-02 ,  1.33905E+02
508 ,5.32713E-02 ,  1.33067E+02
509 ,5.33411E-02 ,  1.32121E+02
510 ,5.34109E-02 ,  1.31196E+02
511 ,5.34807E-02 ,  1.30318E+02
512 ,5.35505E-02 ,  1.29334E+02
513 ,5.36203E-02 ,  1.28370E+02
514 ,5.36901E-02 ,  1.27455E+02
515 ,5.37598E-02 ,  1.26436E+02
516 ,5.38296E-02 ,  1.25436E+02
517 ,5.38993E-02 ,  1.24486E+02
518 ,5.39690E-02 ,  1.23435E+02
519 ,5.40387E-02 ,  1.22401E+02
520 ,5.41084E-02 ,  1.21418E+02
521 ,5.41781E-02 ,  1.20336E+02
522 ,5.42477E-02 ,  1.19272E+02
523 ,5.43174E-02 ,  1.18258E+02
524 ,5.43870E-02 ,  1.17149E+02
525 ,5.44566E-02 ,  1.16056E+02
526 ,5.45262E-02 ,  1.15014E+02
527 ,5.45958E-02 ,  1.13880E+02
528 ,5.46654E-02 ,  1.12761E+02
529 ,5.47350E-02 ,  1.11693E+02
530 ,5.48045E-02 ,  1.10537E+02
531 ,5.48740E-02 ,  1.09396E+02
532 ,5.49435E-02 ,  1.08305E+02
533 ,5.50130E-02 ,  1.07129E+02
534 ,5.50825E-02 ,  1.05967E+02
535 ,5.51520E-02 ,  1.04855E+02
536 ,5.52214E-02 ,  1.03663E+02
537 ,5.52909E-02 ,  1.02483E+02
538 ,5.53603E-02 ,  1.01354E+02
539 ,5.54297E-02 ,  1.00147E+02
540 ,5.54990E-02 ,  9.89529E+01
541 ,5.55684E-02 ,  9.78082E+01
542 ,5.56378E-02 ,  9.65902E+01
543 ,5.57071E-02 ,  9.53841E+01
544 ,5.57764E-02 ,  9.42269E+01
545 ,5.58457E-02 ,  9.30003E+01
546 ,5.59150E-02 ,  9.17852E+01
547 ,5.59842E-02 ,  9.06183E+01
548 ,5.60535E-02 ,  8.93860E+01
549 ,5.61227E-02 ,  8.81646E+01
550 ,5.61919E-02 ,  8.69908E+01
551 ,5.62611E-02 ,  8.57554E+01
552 ,5.63302E-02 ,  8.45308E+01
553 ,5.63994E-02 ,  8.33528E+01
554 ,5.64685E-02 ,  8.21172E+01
555 ,5.65376E-02 ,  8.08921E+01
556 ,5.66067E-02 ,  7.97126E+01
557 ,5.66757E-02 ,  7.84796E+01
558 ,5.67448E-02 ,  7.72568E+01
559 ,5.68138E-02 ,  7.60787E+01
560 ,5.68828E-02 ,  7.48509E+01
561 ,5.69518E-02 ,  7.36334E+01
562 ,5.70208E-02 ,  7.24593E+01
563 ,5.70897E-02 ,  7.12394E+01
564 ,5.71586E-02 ,  7.00298E+01
565 ,5.72276E-02 ,  6.88625E+01
566 ,5.72964E-02 ,  6.76533E+01
567 ,5.73653E-02 ,  6.64543E+01
568 ,5.74341E-02 ,  6.52964E+01
569 ,5.75029E-02 ,  6.41004E+01
570 ,5.75717E-02 ,  6.29147E+01
571 ,5.76405E-02 ,  6.17689E+01
572 ,5.77093E-02 ,  6.05887E+01
573 ,5.77780E-02 ,  5.94189E+01
574 ,5.78467E-02 ,  5.82878E+01
575 ,5.79154E-02 ,  5.71259E+01
576 ,5.79841E-02 ,  5.59745E+01
577 ,5.80527E-02 ,  5.48606E+01
578 ,5.81213E-02 ,  5.37193E+01
579 ,5.81900E-02 ,  5.25889E+01
580 ,5.82586E-02 ,  5.14946E+01
581 ,5.83271E-02 ,  5.03765E+01
582 ,5.83956E-02 ,  4.92694E+01
583 ,5.84642E-02 ,  4.81972E+01
584 ,5.85326E-02 ,  4.71045E+01
585 ,5.86011E-02 ,  4.60230E+01
586 ,5.86696E-02 ,  4.49753E+01
587 ,5.87380E-02 ,  4.39102E+01
588 ,5.88064E-02 ,  4.28567E+01
589 ,5.88748E-02 ,  4.18358E+01
590 ,5.89431E-02 ,  4.08005E+01
591 ,5.90114E-02 ,  3.97771E+01
592 ,5.90797E-02 ,  3.87852E+01
593 ,5.91480E-02 ,  3.77818E+01
594 ,5.92163E-02 ,  3.67907E+01
595 ,5.92845E-02 ,  3.58299E+01
596 ,5.93527E-02 ,  3.48603E+01
597 ,5.94209E-02 ,  3.39033E+01
598 ,5.94891E-02 ,  3.29755E+01
599 ,5.95572E-02 ,  3.20413E+01
600 ,5.96253E-02 ,  3.11200E+01
601 ,5.96934E-02 ,  3.02265E+01
602 ,5.97615E-02 ,  2.93286E+01
603 ,5.98295E-02 ,  2.84433E+01
604 ,5.98976E-02 ,  2.75837E+01
605 ,5.99656E-02 ,  2.67207E+01
606 ,6.00335E-02 ,  2.58684E+01
607 ,6.01015E-02 ,  2.50377E+01
608 ,6.01694E-02 ,  2.42006E+01
609 ,6.02373E-02 ,  2.33665E+01
610 ,6.03052E-02 ,  2.25402E+01
611 ,6.03731E-02 ,  2.16923E+01
612 ,6.04409E-02 ,  2.08324E+01
613 ,6.05087E-02 ,  1.99748E+01
614 ,6.05765E-02 ,  1.90915E+01
615 ,6.06442E-02 ,  1.81903E+01
616 ,6.07120E-02 ,  1.72991E+01
617 ,6.07797E-02 ,  1.64131E+01
618 ,6.08474E-02 ,  1.55454E+01
619 ,6.09150E-02 ,  1.47051E+01
620 ,6.09827E-02 ,  1.38781E+01
621 ,6.10503E-02 ,  1.30716E+01
622 ,6.11179E-02 ,  1.22911E+01
623 ,6.11854E-02 ,  1.15239E+01
624 ,6.12530E-02 ,  1.07758E+01
625 ,6.13205E-02 ,  1.00507E+01
626 ,6.13880E-02 ,  9.33851E+00
627 ,6.14554E-02 ,  8.64353E+00
628 ,6.15229E-02 ,  7.96890E+00
629 ,6.15903E-02 ,  7.30658E+00
630 ,6.16577E-02 ,  6.66005E+00
631 ,6.17250E-02 ,  6.03156E+00
632 ,6.17924E-02 ,  5.41507E+00
633 ,6.18597E-02 ,  4.81325E+00
634 ,6.19270E-02 ,  4.22750E+00
635 ,6.19942E-02 ,  3.65366E+00
636 ,6.20615E-02 ,  3.09361E+00
637 ,6.21287E-02 ,  2.54796E+00
638 ,6.21959E-02 ,  2.01424E+00
639 ,6.22630E-02 ,  1.49361E+00
640 ,6.23302E-02 ,  9.85932E-01
641 ,6.23973E-02 ,  4.90245E-01
642 ,6.24644E-02 ,  7.04884E-03
643 ,6.25315E-02 , -4.64490E-01
644 ,6.25985E-02 , -9.23933E-01
645 ,6.26655E-02 , -1.37136E+00
646 ,6.27325E-02 , -1.80826E+00
647 ,6.27994E-02 , -2.23293E+00
648 ,6.28664E-02 , -2.64599E+00
649 ,6.29333E-02 , -3.04977E+00
650 ,6.30002E-02 , -3.44123E+00
651 ,6.30670E-02 , -3.82126E+00
652 ,6.31339E-02 , -4.19282E+00
653 ,6.32007E-02 , -4.55203E+00
654 ,6.32674E-02 , -4.90032E+00
655 ,6.33342E-02 , -5.24098E+00
656 ,6.34009E-02 , -5.56928E+00
657 ,6.34676E-02 , -5.88714E+00
658 ,6.35343E-02 , -6.19841E+00
659 ,6.36010E-02 , -6.49748E+00
660 ,6.36676E-02 , -6.78638E+00
661 ,6.37342E-02 , -7.06937E+00
662 ,6.38008E-02 , -7.34026E+00
663 ,6.38673E-02 , -7.60142E+00
664 ,6.39339E-02 , -7.85748E+00
665 ,6.40004E-02 , -8.10159E+00
666 ,6.40668E-02 , -8.33637E+00
667 ,6.41333E-02 , -8.56691E+00
668 ,6.41997E-02 , -8.78574E+00
669 ,6.42661E-02 , -8.99539E+00
670 ,6.43325E-02 , -9.20127E+00
671 ,6.43988E-02 , -9.39559E+00
672 ,6.44651E-02 , -9.58123E+00
673 ,6.45314E-02 , -9.76382E+00
674 ,6.45977E-02 , -9.93516E+00
675 ,6.46639E-02 , -1.00982E+01
676 ,6.47302E-02 , -1.02588E+01
677 ,6.47963E-02 , -1.04085E+01
678 ,6.48625E-02 , -1.05504E+01
679 ,6.49286E-02 , -1.06906E+01
680 ,6.49947E-02 , -1.08202E+01
681 ,6.50608E-02 , -1.09422E+01
682 ,6.51269E-02 , -1.10631E+01
683 ,6.51929E-02 , -1.11737E+01
684 ,6.52589E-02 , -1.12771E+01
685 ,6.53249E-02 , -1.13798E+01
686 ,6.53908E-02 , -1.14726E+01
687 ,6.54567E-02 , -1.15585E+01
688 ,6.55226E-02 , -1.16444E+01
689 ,6.55884E-02 , -1.17207E+01
690 ,6.56543E-02 , -1.17906E+01
691 ,6.57201E-02 , -1.18608E+01
692 ,6.57859E-02 , -1.19217E+01
693 ,6.58516E-02 , -1.19763E+01
694 ,6.59174E-02 , -1.20316E+01
695 ,6.59830E-02 , -1.20779E+01
696 ,6.60487E-02 , -1.21182E+01
697 ,6.61144E-02 , -1.21594E+01
698 ,6.61800E-02 , -1.21918E+01
699 ,6.62456E-02 , -1.22184E+01
700 ,6.63111E-02 , -1.22461E+01
701 ,6.63767E-02 , -1.22654E+01
702 ,6.64422E-02 , -1.22792E+01
703 ,6.65077E-02 , -1.22945E+01
704 ,6.65731E-02 , -1.23019E+01
705 ,6.66385E-02 , -1.23042E+01
706 ,6.67039E-02 , -1.23085E+01
707 ,6.67693E-02 , -1.23055E+01
708 ,6.68346E-02 , -1.22979E+01
709 ,6.68999E-02 , -1.22929E+01
710 ,6.69652E-02 , -1.22815E+01
711 ,6.70304E-02 , -1.22663E+01
712 ,6.70957E-02 , -1.22547E+01
713 ,6.71608E-02 , -1.22378E+01
714 ,6.72260E-02 , -1.22182E+01
715 ,6.72912E-02 , -1.22032E+01
716 ,6.73562E-02 , -1.21841E+01
717 ,6.74213E-02 , -1.21635E+01
718 ,6.74864E-02 , -1.21487E+01
719 ,6.75514E-02 , -1.21310E+01
720 ,6.76164E-02 , -1.21129E+01
721 ,6.76814E-02 , -1.21014E+01
722 ,6.77463E-02 , -1.20879E+01
723 ,6.78112E-02 , -1.20745E+01
724 ,6.78761E-02 , -1.20681E+01
725 ,6.79409E-02 , -1.20600E+01
726 ,6.80057E-02 , -1.20519E+01
727 ,6.80705E-02 , -1.20505E+01
728 ,6.81353E-02 , -1.20468E+01
729 ,6.82000E-02 , -1.20421E+01
730 ,6.82647E-02 , -1.20428E+01
731 ,6.83293E-02 , -1.20397E+01
732 ,6.83940E-02 , -1.20337E+01
733 ,6.84586E-02 , -1.20308E+01
734 ,6.85232E-02 , -1.20216E+01
735 ,6.85877E-02 , -1.20067E+01
736 ,6.86523E-02 , -1.19919E+01
737 ,6.87167E-02 , -1.19675E+01
738 ,6.87812E-02 , -1.19338E+01
739 ,6.88456E-02 , -1.18964E+01
740 ,6.89100E-02 , -1.18456E+01
741 ,6.89743E-02 , -1.17813E+01
742 ,6.90387E-02 , -1.17086E+01
743 ,6.91030E-02 , -1.16178E+01
744 ,6.91673E-02 , -1.15086E+01
745 ,6.92315E-02 , -1.13855E+01
746 ,6.92957E-02 , -1.12390E+01
747 ,6.93599E-02 , -1.10695E+01
748 ,6.94241E-02 , -1.08824E+01
749 ,6.94882E-02 , -1.06692E+01
750 ,6.95522E-02 , -1.04272E+01
751 ,6.96163E-02 , -1.01506E+01
752 ,6.96803E-02 , -9.80625E+00
753 ,6.97443E-02 , -9.34825E+00
754 ,6.98083E-02 , -8.72279E+00
755 ,6.98722E-02 , -7.89465E+00
756 ,6.99361E-02 , -7.01028E+00
757 ,7.00000E-02 , -7.00317E+00
758 ,7.02466E-02 , -8.25190E+00
759 ,7.04994E-02 , -9.60678E+00
760 ,7.07586E-02 , -1.05103E+01
761 ,7.10244E-02 , -1.12357E+01
762 ,7.12969E-02 , -1.18826E+01
763 ,7.15764E-02 , -1.24804E+01
764 ,7.18629E-02 , -1.30508E+01
765 ,7.21567E-02 , -1.36057E+01
766 ,7.24580E-02 , -1.41534E+01
767 ,7.27669E-02 , -1.46983E+01
768 ,7.30837E-02 , -1.52423E+01
769 ,7.34084E-02 , -1.57847E+01
770 ,7.37415E-02 , -1.63217E+01
771 ,7.40829E-02 , -1.68471E+01
772 ,7.44331E-02 , -1.73519E+01
773 ,7.47921E-02 , -1.78251E+01
774 ,7.51602E-02 , -1.82547E+01
775 ,7.55377E-02 , -1.86295E+01
776 ,7.59247E-02 , -1.89399E+01
777 ,7.63216E-02 , -1.91775E+01
778 ,7.67285E-02 , -1.93361E+01
779 ,7.71458E-02 , -1.94116E+01
780 ,7.75736E-02 , -1.93994E+01
781 ,7.80123E-02 , -1.92908E+01
782 ,7.84621E-02 , -1.90769E+01
783 ,7.89234E-02 , -1.87517E+01
784 ,7.93963E-02 , -1.83106E+01
785 ,7.98812E-02 , -1.77483E+01
786 ,8.03785E-02 , -1.70605E+01
787 ,8.08883E-02 , -1.62477E+01
788 ,8.14111E-02 , -1.53101E+01
789 ,8.19472E-02 , -1.42481E+01
790 ,8.24968E-02 , -1.30657E+01
791 ,8.30604E-02 , -1.17695E+01
792 ,8.36383E-02 , -1.03664E+01
793 ,8.42308E-02 , -8.86687E+00
794 ,8.48384E-02 , -7.28205E+00
795 ,8.54614E-02 , -5.62464E+00
796 ,8.61002E-02 , -3.91346E+00
797 ,8.67553E-02 , -2.16412E+00
798 ,8.74269E-02 , -3.96787E-01
799 ,8.81156E-02 ,  1.35721E+00
800 ,8.88217E-02 ,  3.07493E+00
801 ,8.95458E-02 ,  4.74427E+00
802 ,9.02882E-02 ,  6.35304E+00
803 ,9.10495E-02 ,  7.88871E+00
804 ,9.18300E-02 ,  9.34033E+00
805 ,9.26304E-02 ,  1.06987E+01
806 ,9.34511E-02 ,  1.19568E+01
807 ,9.42926E-02 ,  1.31099E+01
808 ,9.51555E-02 ,  1.41554E+01
809 ,9.60402E-02 ,  1.50928E+01
810 ,9.69474E-02 ,  1.59237E+01
811 ,9.78776E-02 ,  1.66518E+01
812 ,9.88314E-02 ,  1.72821E+01
813 ,9.98094E-02 ,  1.78212E+01
814 ,1.00812E-01 ,  1.82767E+01
815 ,1.01840E-01 ,  1.86573E+01
816 ,1.02895E-01 ,  1.89719E+01
817 ,1.03976E-01 ,  1.92300E+01
818 ,1.05084E-01 ,  1.94406E+01
819 ,1.06221E-01 ,  1.96130E+01
820 ,1.07387E-01 ,  1.97557E+01
821 ,1.08582E-01 ,  1.98770E+01
822 ,1.09807E-01 ,  1.99844E+01
823 ,1.11063E-01 ,  2.00847E+01
824 ,1.12352E-01 ,  2.01840E+01
825 ,1.13673E-01 ,  2.02872E+01
826 ,1.15027E-01 ,  2.03983E+01
827 ,1.16416E-01 ,  2.05203E+01
828 ,1.17840E-01 ,  2.06552E+01
829 ,1.19301E-01 ,  2.08040E+01
830 ,1.20798E-01 ,  2.09670E+01
831 ,1.22333E-01 ,  2.11438E+01
832 ,1.23907E-01 ,  2.13334E+01
833 ,1.25522E-01 ,  2.15343E+01
834 ,1.27177E-01 ,  2.17447E+01
835 ,1.28874E-01 ,  2.19624E+01
836 ,1.30614E-01 ,  2.21850E+01
837 ,1.32398E-01 ,  2.24103E+01
838 ,1.34228E-01 ,  2.26350E+01
839 ,1.36104E-01 ,  2.28557E+01
840 ,1.38028E-01 ,  2.31052E+01
841 ,1.40000E-01 ,  2.32455E+01
