1,2.98758E-45,  2.93149E+01
2,9.83155E-04,  2.92603E+01
3,1.92376E-03,  2.91608E+01
4,2.82366E-03,  2.90765E+01
5,3.68461E-03,  2.89993E+01
6,4.50830E-03,  2.89249E+01
7,5.29634E-03,  2.88507E+01
8,6.05027E-03,  2.87750E+01
9,6.77158E-03,  2.86967E+01
10,7.46167E-03,  2.86152E+01
11,8.12189E-03,  2.85297E+01
12,8.75354E-03,  2.84401E+01
13,9.35785E-03,  2.83460E+01
14,9.93600E-03,  2.82474E+01
15,1.04891E-02,  2.81442E+01
16,1.10183E-02,  2.80366E+01
17,1.15246E-02,  2.79245E+01
18,1.20090E-02,  2.78083E+01
19,1.24724E-02,  2.76880E+01
20,1.29158E-02,  2.75638E+01
21,1.33400E-02,  2.74361E+01
22,1.37458E-02,  2.73050E+01
23,1.41340E-02,  2.71708E+01
24,1.45055E-02,  2.70338E+01
25,1.48608E-02,  2.68943E+01
26,1.52008E-02,  2.67524E+01
27,1.55261E-02,  2.66085E+01
28,1.58373E-02,  2.64628E+01
29,1.61351E-02,  2.63154E+01
30,1.64199E-02,  2.61666E+01
31,1.66924E-02,  2.60167E+01
32,1.69531E-02,  2.58656E+01
33,1.72026E-02,  2.57136E+01
34,1.74412E-02,  2.55608E+01
35,1.76695E-02,  2.54071E+01
36,1.78880E-02,  2.52526E+01
37,1.80970E-02,  2.50972E+01
38,1.82969E-02,  2.49409E+01
39,1.84882E-02,  2.47833E+01
40,1.86712E-02,  2.46242E+01
41,1.88463E-02,  2.44631E+01
42,1.90138E-02,  2.42993E+01
43,1.91740E-02,  2.41320E+01
44,1.93274E-02,  2.39598E+01
45,1.94740E-02,  2.37813E+01
46,1.96144E-02,  2.35896E+01
47,1.97487E-02,  2.33494E+01
48,1.98771E-02,  2.29800E+01
49,2.00000E-02,  2.26150E+01
50,2.00405E-02,  2.26079E+01
51,2.00809E-02,  2.29009E+01
52,2.01214E-02,  2.32141E+01
53,2.01618E-02,  2.34867E+01
54,2.02023E-02,  2.37125E+01
55,2.02428E-02,  2.38976E+01
56,2.02832E-02,  2.40533E+01
57,2.03237E-02,  2.41958E+01
58,2.03641E-02,  2.43357E+01
59,2.04046E-02,  2.44721E+01
60,2.04450E-02,  2.46027E+01
61,2.04855E-02,  2.47324E+01
62,2.05259E-02,  2.48644E+01
63,2.05664E-02,  2.49940E+01
64,2.06068E-02,  2.51175E+01
65,2.06473E-02,  2.52397E+01
66,2.06877E-02,  2.53642E+01
67,2.07282E-02,  2.54864E+01
68,2.07686E-02,  2.56029E+01
69,2.08090E-02,  2.57187E+01
70,2.08495E-02,  2.58373E+01
71,2.08899E-02,  2.59542E+01
72,2.09303E-02,  2.60658E+01
73,2.09708E-02,  2.61771E+01
74,2.10112E-02,  2.62916E+01
75,2.10516E-02,  2.64047E+01
76,2.10921E-02,  2.65127E+01
77,2.11325E-02,  2.66207E+01
78,2.11729E-02,  2.67323E+01
79,2.12134E-02,  2.68426E+01
80,2.12538E-02,  2.69480E+01
81,2.12942E-02,  2.70536E+01
82,2.13346E-02,  2.71630E+01
83,2.13750E-02,  2.72713E+01
84,2.14155E-02,  2.73748E+01
85,2.14559E-02,  2.74786E+01
86,2.14963E-02,  2.75864E+01
87,2.15367E-02,  2.76933E+01
88,2.15771E-02,  2.77954E+01
89,2.16175E-02,  2.78979E+01
90,2.16579E-02,  2.80047E+01
91,2.16983E-02,  2.81105E+01
92,2.17387E-02,  2.82116E+01
93,2.17791E-02,  2.83132E+01
94,2.18195E-02,  2.84193E+01
95,2.18599E-02,  2.85244E+01
96,2.19003E-02,  2.86249E+01
97,2.19407E-02,  2.87259E+01
98,2.19811E-02,  2.88315E+01
99,2.20215E-02,  2.89363E+01
 100,2.20619E-02,  2.90363E+01
 101,2.21023E-02,  2.91371E+01
 102,2.21427E-02,  2.92424E+01
 103,2.21831E-02,  2.93470E+01
 104,2.22235E-02,  2.94469E+01
 105,2.22639E-02,  2.95475E+01
 106,2.23042E-02,  2.96528E+01
 107,2.23446E-02,  2.97574E+01
 108,2.23850E-02,  2.98573E+01
 109,2.24254E-02,  2.99580E+01
 110,2.24657E-02,  3.00635E+01
 111,2.25061E-02,  3.01682E+01
 112,2.25465E-02,  3.02682E+01
 113,2.25869E-02,  3.03691E+01
 114,2.26272E-02,  3.04749E+01
 115,2.26676E-02,  3.05800E+01
 116,2.27080E-02,  3.06803E+01
 117,2.27483E-02,  3.07815E+01
 118,2.27887E-02,  3.08877E+01
 119,2.28290E-02,  3.09932E+01
 120,2.28694E-02,  3.10939E+01
 121,2.29098E-02,  3.11955E+01
 122,2.29501E-02,  3.13022E+01
 123,2.29905E-02,  3.14082E+01
 124,2.30308E-02,  3.15094E+01
 125,2.30712E-02,  3.16116E+01
 126,2.31115E-02,  3.17189E+01
 127,2.31519E-02,  3.18256E+01
 128,2.31922E-02,  3.19273E+01
 129,2.32325E-02,  3.20301E+01
 130,2.32729E-02,  3.21381E+01
 131,2.33132E-02,  3.22455E+01
 132,2.33536E-02,  3.23479E+01
 133,2.33939E-02,  3.24514E+01
 134,2.34342E-02,  3.25602E+01
 135,2.34746E-02,  3.26683E+01
 136,2.35149E-02,  3.27714E+01
 137,2.35552E-02,  3.28757E+01
 138,2.35955E-02,  3.29853E+01
 139,2.36359E-02,  3.30942E+01
 140,2.36762E-02,  3.31982E+01
 141,2.37165E-02,  3.33033E+01
 142,2.37568E-02,  3.34138E+01
 143,2.37971E-02,  3.35236E+01
 144,2.38374E-02,  3.36284E+01
 145,2.38778E-02,  3.37343E+01
 146,2.39181E-02,  3.38458E+01
 147,2.39584E-02,  3.39565E+01
 148,2.39987E-02,  3.40622E+01
 149,2.40390E-02,  3.41691E+01
 150,2.40793E-02,  3.42816E+01
 151,2.41196E-02,  3.43933E+01
 152,2.41599E-02,  3.45000E+01
 153,2.42002E-02,  3.46078E+01
 154,2.42405E-02,  3.47213E+01
 155,2.42808E-02,  3.48341E+01
 156,2.43211E-02,  3.49418E+01
 157,2.43613E-02,  3.50507E+01
 158,2.44016E-02,  3.51652E+01
 159,2.44419E-02,  3.52791E+01
 160,2.44822E-02,  3.53878E+01
 161,2.45225E-02,  3.54977E+01
 162,2.45627E-02,  3.56134E+01
 163,2.46030E-02,  3.57284E+01
 164,2.46433E-02,  3.58381E+01
 165,2.46836E-02,  3.59492E+01
 166,2.47238E-02,  3.60661E+01
 167,2.47641E-02,  3.61822E+01
 168,2.48044E-02,  3.62930E+01
 169,2.48446E-02,  3.64052E+01
 170,2.48849E-02,  3.65233E+01
 171,2.49251E-02,  3.66406E+01
 172,2.49654E-02,  3.67526E+01
 173,2.50057E-02,  3.68659E+01
 174,2.50459E-02,  3.69852E+01
 175,2.50862E-02,  3.71038E+01
 176,2.51264E-02,  3.72169E+01
 177,2.51667E-02,  3.73315E+01
 178,2.52069E-02,  3.74520E+01
 179,2.52471E-02,  3.75718E+01
 180,2.52874E-02,  3.76862E+01
 181,2.53276E-02,  3.78020E+01
 182,2.53679E-02,  3.79238E+01
 183,2.54081E-02,  3.80449E+01
 184,2.54483E-02,  3.81605E+01
 185,2.54885E-02,  3.82775E+01
 186,2.55288E-02,  3.84007E+01
 187,2.55690E-02,  3.85231E+01
 188,2.56092E-02,  3.86399E+01
 189,2.56494E-02,  3.87583E+01
 190,2.56897E-02,  3.88828E+01
 191,2.57299E-02,  3.90065E+01
 192,2.57701E-02,  3.91246E+01
 193,2.58103E-02,  3.92443E+01
 194,2.58505E-02,  3.93702E+01
 195,2.58907E-02,  3.94952E+01
 196,2.59309E-02,  3.96147E+01
 197,2.59711E-02,  3.97357E+01
 198,2.60113E-02,  3.98629E+01
 199,2.60515E-02,  3.99894E+01
 200,2.60917E-02,  4.01102E+01
 201,2.61319E-02,  4.02325E+01
 202,2.61721E-02,  4.03613E+01
 203,2.62123E-02,  4.04891E+01
 204,2.62525E-02,  4.06113E+01
 205,2.62926E-02,  4.07350E+01
 206,2.63328E-02,  4.08652E+01
 207,2.63730E-02,  4.09945E+01
 208,2.64132E-02,  4.11180E+01
 209,2.64534E-02,  4.12432E+01
 210,2.64935E-02,  4.13748E+01
 211,2.65337E-02,  4.15055E+01
 212,2.65739E-02,  4.16305E+01
 213,2.66140E-02,  4.17571E+01
 214,2.66542E-02,  4.18902E+01
 215,2.66944E-02,  4.20224E+01
 216,2.67345E-02,  4.21488E+01
 217,2.67747E-02,  4.22769E+01
 218,2.68148E-02,  4.24115E+01
 219,2.68550E-02,  4.25452E+01
 220,2.68951E-02,  4.26731E+01
 221,2.69353E-02,  4.28026E+01
 222,2.69754E-02,  4.29388E+01
 223,2.70156E-02,  4.30741E+01
 224,2.70557E-02,  4.32034E+01
 225,2.70958E-02,  4.33344E+01
 226,2.71360E-02,  4.34722E+01
 227,2.71761E-02,  4.36090E+01
 228,2.72162E-02,  4.37398E+01
 229,2.72564E-02,  4.38724E+01
 230,2.72965E-02,  4.40117E+01
 231,2.73366E-02,  4.41500E+01
 232,2.73767E-02,  4.42824E+01
 233,2.74168E-02,  4.44165E+01
 234,2.74570E-02,  4.45575E+01
 235,2.74971E-02,  4.46974E+01
 236,2.75372E-02,  4.48313E+01
 237,2.75773E-02,  4.49670E+01
 238,2.76174E-02,  4.51096E+01
 239,2.76575E-02,  4.52511E+01
 240,2.76976E-02,  4.53866E+01
 241,2.77377E-02,  4.55239E+01
 242,2.77778E-02,  4.56681E+01
 243,2.78179E-02,  4.58113E+01
 244,2.78580E-02,  4.59484E+01
 245,2.78981E-02,  4.60873E+01
 246,2.79381E-02,  4.62331E+01
 247,2.79782E-02,  4.63780E+01
 248,2.80183E-02,  4.65167E+01
 249,2.80584E-02,  4.66572E+01
 250,2.80985E-02,  4.68048E+01
 251,2.81385E-02,  4.69513E+01
 252,2.81786E-02,  4.70916E+01
 253,2.82187E-02,  4.72338E+01
 254,2.82587E-02,  4.73831E+01
 255,2.82988E-02,  4.75313E+01
 256,2.83389E-02,  4.76733E+01
 257,2.83789E-02,  4.78172E+01
 258,2.84190E-02,  4.79682E+01
 259,2.84590E-02,  4.81181E+01
 260,2.84991E-02,  4.82618E+01
 261,2.85391E-02,  4.84074E+01
 262,2.85792E-02,  4.85602E+01
 263,2.86192E-02,  4.87119E+01
 264,2.86593E-02,  4.88573E+01
 265,2.86993E-02,  4.90046E+01
 266,2.87393E-02,  4.91591E+01
 267,2.87794E-02,  4.93126E+01
 268,2.88194E-02,  4.94597E+01
 269,2.88594E-02,  4.96088E+01
 270,2.88995E-02,  4.97651E+01
 271,2.89395E-02,  4.99204E+01
 272,2.89795E-02,  5.00693E+01
 273,2.90195E-02,  5.02202E+01
 274,2.90595E-02,  5.03783E+01
 275,2.90996E-02,  5.05354E+01
 276,2.91396E-02,  5.06861E+01
 277,2.91796E-02,  5.08388E+01
 278,2.92196E-02,  5.09988E+01
 279,2.92596E-02,  5.11577E+01
 280,2.92996E-02,  5.13102E+01
 281,2.93396E-02,  5.14648E+01
 282,2.93796E-02,  5.16267E+01
 283,2.94196E-02,  5.17875E+01
 284,2.94596E-02,  5.19418E+01
 285,2.94995E-02,  5.20983E+01
 286,2.95395E-02,  5.22621E+01
 287,2.95795E-02,  5.24248E+01
 288,2.96195E-02,  5.25811E+01
 289,2.96595E-02,  5.27395E+01
 290,2.96994E-02,  5.29053E+01
 291,2.97394E-02,  5.30701E+01
 292,2.97794E-02,  5.32283E+01
 293,2.98194E-02,  5.33888E+01
 294,2.98593E-02,  5.35567E+01
 295,2.98993E-02,  5.37235E+01
 296,2.99392E-02,  5.38840E+01
 297,2.99792E-02,  5.40466E+01
 298,3.00191E-02,  5.42168E+01
 299,3.00591E-02,  5.43860E+01
 300,3.00991E-02,  5.45486E+01
 301,3.01390E-02,  5.47131E+01
 302,3.01789E-02,  5.48850E+01
 303,3.02189E-02,  5.50552E+01
 304,3.02588E-02,  5.52201E+01
 305,3.02988E-02,  5.53917E+01
 306,3.03387E-02,  5.55682E+01
 307,3.03786E-02,  5.57379E+01
 308,3.04185E-02,  5.59012E+01
 309,3.04585E-02,  5.60669E+01
 310,3.04984E-02,  5.62405E+01
 311,3.05383E-02,  5.64133E+01
 312,3.05782E-02,  5.65797E+01
 313,3.06182E-02,  5.67485E+01
 314,3.06581E-02,  5.69251E+01
 315,3.06980E-02,  5.71007E+01
 316,3.07379E-02,  5.72698E+01
 317,3.07778E-02,  5.74412E+01
 318,3.08177E-02,  5.76203E+01
 319,3.08576E-02,  5.77983E+01
 320,3.08975E-02,  5.79697E+01
 321,3.09374E-02,  5.81434E+01
 322,3.09773E-02,  5.83246E+01
 323,3.10172E-02,  5.85047E+01
 324,3.10571E-02,  5.86783E+01
 325,3.10969E-02,  5.88541E+01
 326,3.11368E-02,  5.90375E+01
 327,3.11767E-02,  5.92196E+01
 328,3.12166E-02,  5.93953E+01
 329,3.12564E-02,  5.95731E+01
 330,3.12963E-02,  5.97585E+01
 331,3.13362E-02,  5.99427E+01
 332,3.13761E-02,  6.01203E+01
 333,3.14159E-02,  6.03002E+01
 334,3.14558E-02,  6.04876E+01
 335,3.14956E-02,  6.06738E+01
 336,3.15355E-02,  6.08535E+01
 337,3.15753E-02,  6.10353E+01
 338,3.16152E-02,  6.12247E+01
 339,3.16550E-02,  6.14129E+01
 340,3.16949E-02,  6.15946E+01
 341,3.17347E-02,  6.17785E+01
 342,3.17746E-02,  6.19699E+01
 343,3.18144E-02,  6.21601E+01
 344,3.18542E-02,  6.23438E+01
 345,3.18941E-02,  6.25298E+01
 346,3.19339E-02,  6.27232E+01
 347,3.19737E-02,  6.29154E+01
 348,3.20136E-02,  6.31012E+01
 349,3.20534E-02,  6.32892E+01
 350,3.20932E-02,  6.34846E+01
 351,3.21330E-02,  6.36789E+01
 352,3.21728E-02,  6.38668E+01
 353,3.22126E-02,  6.40568E+01
 354,3.22525E-02,  6.42543E+01
 355,3.22923E-02,  6.44507E+01
 356,3.23321E-02,  6.46406E+01
 357,3.23719E-02,  6.48328E+01
 358,3.24117E-02,  6.50323E+01
 359,3.24515E-02,  6.52308E+01
 360,3.24913E-02,  6.54228E+01
 361,3.25310E-02,  6.56171E+01
 362,3.25708E-02,  6.58187E+01
 363,3.26106E-02,  6.60192E+01
 364,3.26504E-02,  6.62135E+01
 365,3.26902E-02,  6.64099E+01
 366,3.27300E-02,  6.66136E+01
 367,3.27697E-02,  6.68162E+01
 368,3.28095E-02,  6.70126E+01
 369,3.28493E-02,  6.72111E+01
 370,3.28891E-02,  6.74170E+01
 371,3.29288E-02,  6.76217E+01
 372,3.29686E-02,  6.78202E+01
 373,3.30083E-02,  6.80210E+01
 374,3.30481E-02,  6.82289E+01
 375,3.30879E-02,  6.84358E+01
 376,3.31276E-02,  6.86365E+01
 377,3.31674E-02,  6.88395E+01
 378,3.32071E-02,  6.90496E+01
 379,3.32469E-02,  6.92586E+01
 380,3.32866E-02,  6.94615E+01
 381,3.33263E-02,  6.96667E+01
 382,3.33661E-02,  6.98789E+01
 383,3.34058E-02,  7.00901E+01
 384,3.34455E-02,  7.02953E+01
 385,3.34853E-02,  7.05026E+01
 386,3.35250E-02,  7.07170E+01
 387,3.35647E-02,  7.09303E+01
 388,3.36045E-02,  7.11378E+01
 389,3.36442E-02,  7.13474E+01
 390,3.36839E-02,  7.15639E+01
 391,3.37236E-02,  7.17795E+01
 392,3.37633E-02,  7.19892E+01
 393,3.38030E-02,  7.22010E+01
 394,3.38427E-02,  7.24197E+01
 395,3.38825E-02,  7.26375E+01
 396,3.39222E-02,  7.28495E+01
 397,3.39619E-02,  7.30636E+01
 398,3.40016E-02,  7.32845E+01
 399,3.40413E-02,  7.35044E+01
 400,3.40810E-02,  7.37187E+01
 401,3.41206E-02,  7.39351E+01
 402,3.41603E-02,  7.41582E+01
 403,3.42000E-02,  7.43803E+01
 404,3.42397E-02,  7.45969E+01
 405,3.42794E-02,  7.48156E+01
 406,3.43191E-02,  7.50409E+01
 407,3.43587E-02,  7.52652E+01
 408,3.43984E-02,  7.54842E+01
 409,3.44381E-02,  7.57052E+01
 410,3.44778E-02,  7.59326E+01
 411,3.45174E-02,  7.61592E+01
 412,3.45571E-02,  7.63805E+01
 413,3.45968E-02,  7.66038E+01
 414,3.46364E-02,  7.68335E+01
 415,3.46761E-02,  7.70623E+01
 416,3.47157E-02,  7.72859E+01
 417,3.47554E-02,  7.75116E+01
 418,3.47950E-02,  7.77434E+01
 419,3.48347E-02,  7.79744E+01
 420,3.48743E-02,  7.82005E+01
 421,3.49140E-02,  7.84284E+01
 422,3.49536E-02,  7.86624E+01
 423,3.49933E-02,  7.88957E+01
 424,3.50329E-02,  7.91241E+01
 425,3.50726E-02,  7.93544E+01
 426,3.51122E-02,  7.95906E+01
 427,3.51518E-02,  7.98261E+01
 428,3.51914E-02,  8.00569E+01
 429,3.52311E-02,  8.02896E+01
 430,3.52707E-02,  8.05279E+01
 431,3.53103E-02,  8.07657E+01
 432,3.53499E-02,  8.09989E+01
 433,3.53896E-02,  8.12338E+01
 434,3.54292E-02,  8.14744E+01
 435,3.54688E-02,  8.17143E+01
 436,3.55084E-02,  8.19499E+01
 437,3.55480E-02,  8.21873E+01
 438,3.55876E-02,  8.24300E+01
 439,3.56272E-02,  8.26722E+01
 440,3.56668E-02,  8.29102E+01
 441,3.57064E-02,  8.31499E+01
 442,3.57460E-02,  8.33947E+01
 443,3.57856E-02,  8.36391E+01
 444,3.58252E-02,  8.38795E+01
 445,3.58648E-02,  8.41216E+01
 446,3.59044E-02,  8.43686E+01
 447,3.59440E-02,  8.46151E+01
 448,3.59836E-02,  8.48580E+01
 449,3.60232E-02,  8.51023E+01
 450,3.60627E-02,  8.53515E+01
 451,3.61023E-02,  8.56002E+01
 452,3.61419E-02,  8.58455E+01
 453,3.61815E-02,  8.60922E+01
 454,3.62210E-02,  8.63435E+01
 455,3.62606E-02,  8.65944E+01
 456,3.63002E-02,  8.68420E+01
 457,3.63397E-02,  8.70911E+01
 458,3.63793E-02,  8.73445E+01
 459,3.64189E-02,  8.75975E+01
 460,3.64584E-02,  8.78476E+01
 461,3.64980E-02,  8.80990E+01
 462,3.65376E-02,  8.83544E+01
 463,3.65771E-02,  8.86096E+01
 464,3.66167E-02,  8.88620E+01
 465,3.66562E-02,  8.91158E+01
 466,3.66958E-02,  8.93732E+01
 467,3.67353E-02,  8.96306E+01
 468,3.67749E-02,  8.98854E+01
 469,3.68144E-02,  9.01414E+01
 470,3.68539E-02,  9.04009E+01
 471,3.68935E-02,  9.06603E+01
 472,3.69330E-02,  9.09175E+01
 473,3.69726E-02,  9.11758E+01
 474,3.70121E-02,  9.14373E+01
 475,3.70516E-02,  9.16988E+01
 476,3.70912E-02,  9.19583E+01
 477,3.71307E-02,  9.22189E+01
 478,3.71702E-02,  9.24823E+01
 479,3.72097E-02,  9.27458E+01
 480,3.72493E-02,  9.30077E+01
 481,3.72888E-02,  9.32706E+01
 482,3.73283E-02,  9.35359E+01
 483,3.73678E-02,  9.38014E+01
 484,3.74073E-02,  9.40657E+01
 485,3.74468E-02,  9.43307E+01
 486,3.74864E-02,  9.45980E+01
 487,3.75259E-02,  9.48654E+01
 488,3.75654E-02,  9.51320E+01
 489,3.76049E-02,  9.53992E+01
 490,3.76444E-02,  9.56683E+01
 491,3.76839E-02,  9.59377E+01
 492,3.77234E-02,  9.62065E+01
 493,3.77629E-02,  9.64759E+01
 494,3.78024E-02,  9.67468E+01
 495,3.78419E-02,  9.70180E+01
 496,3.78814E-02,  9.72891E+01
 497,3.79209E-02,  9.75607E+01
 498,3.79604E-02,  9.78333E+01
 499,3.79999E-02,  9.81064E+01
 500,3.80394E-02,  9.83797E+01
 501,3.80788E-02,  9.86534E+01
 502,3.81183E-02,  9.89276E+01
 503,3.81578E-02,  9.92025E+01
 504,3.81973E-02,  9.94780E+01
 505,3.82368E-02,  9.97538E+01
 506,3.82763E-02,  1.00030E+02
 507,3.83157E-02,  1.00306E+02
 508,3.83552E-02,  1.00584E+02
 509,3.83947E-02,  1.00862E+02
 510,3.84342E-02,  1.01139E+02
 511,3.84736E-02,  1.01417E+02
 512,3.85131E-02,  1.01697E+02
 513,3.85526E-02,  1.01977E+02
 514,3.85920E-02,  1.02256E+02
 515,3.86315E-02,  1.02536E+02
 516,3.86710E-02,  1.02818E+02
 517,3.87104E-02,  1.03099E+02
 518,3.87499E-02,  1.03380E+02
 519,3.87894E-02,  1.03661E+02
 520,3.88288E-02,  1.03945E+02
 521,3.88683E-02,  1.04228E+02
 522,3.89077E-02,  1.04510E+02
 523,3.89472E-02,  1.04793E+02
 524,3.89867E-02,  1.05079E+02
 525,3.90261E-02,  1.05364E+02
 526,3.90656E-02,  1.05647E+02
 527,3.91050E-02,  1.05931E+02
 528,3.91445E-02,  1.06219E+02
 529,3.91839E-02,  1.06506E+02
 530,3.92234E-02,  1.06791E+02
 531,3.92628E-02,  1.07076E+02
 532,3.93022E-02,  1.07366E+02
 533,3.93417E-02,  1.07655E+02
 534,3.93811E-02,  1.07940E+02
 535,3.94206E-02,  1.08227E+02
 536,3.94600E-02,  1.08518E+02
 537,3.94995E-02,  1.08809E+02
 538,3.95389E-02,  1.09095E+02
 539,3.95783E-02,  1.09383E+02
 540,3.96178E-02,  1.09676E+02
 541,3.96572E-02,  1.09968E+02
 542,3.96966E-02,  1.10255E+02
 543,3.97361E-02,  1.10544E+02
 544,3.97755E-02,  1.10839E+02
 545,3.98149E-02,  1.11133E+02
 546,3.98543E-02,  1.11421E+02
 547,3.98938E-02,  1.11711E+02
 548,3.99332E-02,  1.12007E+02
 549,3.99726E-02,  1.12302E+02
 550,4.00121E-02,  1.12591E+02
 551,4.00515E-02,  1.12882E+02
 552,4.00909E-02,  1.13180E+02
 553,4.01303E-02,  1.13477E+02
 554,4.01697E-02,  1.13766E+02
 555,4.02092E-02,  1.14058E+02
 556,4.02486E-02,  1.14358E+02
 557,4.02880E-02,  1.14656E+02
 558,4.03274E-02,  1.14947E+02
 559,4.03668E-02,  1.15242E+02
 560,4.04063E-02,  1.15543E+02
 561,4.04457E-02,  1.15837E+02
 562,4.04851E-02,  1.16129E+02
 563,4.05245E-02,  1.16432E+02
 564,4.05639E-02,  1.16742E+02
 565,4.06033E-02,  1.17048E+02
 566,4.06427E-02,  1.17343E+02
 567,4.06821E-02,  1.17641E+02
 568,4.07215E-02,  1.17948E+02
 569,4.07610E-02,  1.18253E+02
 570,4.08004E-02,  1.18546E+02
 571,4.08398E-02,  1.18842E+02
 572,4.08792E-02,  1.19148E+02
 573,4.09186E-02,  1.19452E+02
 574,4.09580E-02,  1.19743E+02
 575,4.09974E-02,  1.20038E+02
 576,4.10368E-02,  1.20344E+02
 577,4.10762E-02,  1.20647E+02
 578,4.11156E-02,  1.20937E+02
 579,4.11550E-02,  1.21231E+02
 580,4.11944E-02,  1.21537E+02
 581,4.12338E-02,  1.21840E+02
 582,4.12732E-02,  1.22129E+02
 583,4.13126E-02,  1.22422E+02
 584,4.13520E-02,  1.22728E+02
 585,4.13914E-02,  1.23031E+02
 586,4.14308E-02,  1.23319E+02
 587,4.14702E-02,  1.23611E+02
 588,4.15096E-02,  1.23917E+02
 589,4.15490E-02,  1.24220E+02
 590,4.15884E-02,  1.24507E+02
 591,4.16278E-02,  1.24798E+02
 592,4.16672E-02,  1.25105E+02
 593,4.17066E-02,  1.25408E+02
 594,4.17460E-02,  1.25694E+02
 595,4.17854E-02,  1.25984E+02
 596,4.18248E-02,  1.26290E+02
 597,4.18642E-02,  1.26593E+02
 598,4.19036E-02,  1.26878E+02
 599,4.19429E-02,  1.27167E+02
 600,4.19823E-02,  1.27473E+02
 601,4.20217E-02,  1.27775E+02
 602,4.20611E-02,  1.28059E+02
 603,4.21005E-02,  1.28346E+02
 604,4.21399E-02,  1.28653E+02
 605,4.21793E-02,  1.28955E+02
 606,4.22187E-02,  1.29236E+02
 607,4.22581E-02,  1.29522E+02
 608,4.22975E-02,  1.29828E+02
 609,4.23369E-02,  1.30130E+02
 610,4.23763E-02,  1.30410E+02
 611,4.24156E-02,  1.30694E+02
 612,4.24550E-02,  1.30999E+02
 613,4.24944E-02,  1.31300E+02
 614,4.25338E-02,  1.31578E+02
 615,4.25732E-02,  1.31860E+02
 616,4.26126E-02,  1.32165E+02
 617,4.26520E-02,  1.32464E+02
 618,4.26914E-02,  1.32740E+02
 619,4.27308E-02,  1.33020E+02
 620,4.27701E-02,  1.33323E+02
 621,4.28095E-02,  1.33621E+02
 622,4.28489E-02,  1.33894E+02
 623,4.28883E-02,  1.34172E+02
 624,4.29277E-02,  1.34474E+02
 625,4.29671E-02,  1.34771E+02
 626,4.30065E-02,  1.35041E+02
 627,4.30459E-02,  1.35316E+02
 628,4.30853E-02,  1.35617E+02
 629,4.31246E-02,  1.35912E+02
 630,4.31640E-02,  1.36179E+02
 631,4.32034E-02,  1.36450E+02
 632,4.32428E-02,  1.36750E+02
 633,4.32822E-02,  1.37043E+02
 634,4.33216E-02,  1.37306E+02
 635,4.33610E-02,  1.37574E+02
 636,4.34004E-02,  1.37871E+02
 637,4.34398E-02,  1.38162E+02
 638,4.34791E-02,  1.38422E+02
 639,4.35185E-02,  1.38686E+02
 640,4.35579E-02,  1.38981E+02
 641,4.35973E-02,  1.39269E+02
 642,4.36367E-02,  1.39525E+02
 643,4.36761E-02,  1.39785E+02
 644,4.37155E-02,  1.40078E+02
 645,4.37549E-02,  1.40363E+02
 646,4.37943E-02,  1.40614E+02
 647,4.38337E-02,  1.40870E+02
 648,4.38730E-02,  1.41160E+02
 649,4.39124E-02,  1.41442E+02
 650,4.39518E-02,  1.41688E+02
 651,4.39912E-02,  1.41939E+02
 652,4.40306E-02,  1.42225E+02
 653,4.40700E-02,  1.42504E+02
 654,4.41094E-02,  1.42745E+02
 655,4.41488E-02,  1.42992E+02
 656,4.41882E-02,  1.43274E+02
 657,4.42276E-02,  1.43549E+02
 658,4.42670E-02,  1.43784E+02
 659,4.43064E-02,  1.44025E+02
 660,4.43458E-02,  1.44304E+02
 661,4.43852E-02,  1.44574E+02
 662,4.44246E-02,  1.44804E+02
 663,4.44640E-02,  1.45039E+02
 664,4.45033E-02,  1.45313E+02
 665,4.45427E-02,  1.45580E+02
 666,4.45821E-02,  1.45803E+02
 667,4.46215E-02,  1.46032E+02
 668,4.46609E-02,  1.46301E+02
 669,4.47003E-02,  1.46563E+02
 670,4.47397E-02,  1.46779E+02
 671,4.47791E-02,  1.47002E+02
 672,4.48185E-02,  1.47266E+02
 673,4.48579E-02,  1.47522E+02
 674,4.48973E-02,  1.47732E+02
 675,4.49367E-02,  1.47947E+02
 676,4.49761E-02,  1.48206E+02
 677,4.50155E-02,  1.48456E+02
 678,4.50549E-02,  1.48659E+02
 679,4.50943E-02,  1.48866E+02
 680,4.51337E-02,  1.49119E+02
 681,4.51731E-02,  1.49364E+02
 682,4.52125E-02,  1.49558E+02
 683,4.52519E-02,  1.49758E+02
 684,4.52913E-02,  1.50005E+02
 685,4.53308E-02,  1.50243E+02
 686,4.53702E-02,  1.50429E+02
 687,4.54096E-02,  1.50620E+02
 688,4.54490E-02,  1.50860E+02
 689,4.54884E-02,  1.51092E+02
 690,4.55278E-02,  1.51269E+02
 691,4.55672E-02,  1.51452E+02
 692,4.56066E-02,  1.51685E+02
 693,4.56460E-02,  1.51909E+02
 694,4.56854E-02,  1.52077E+02
 695,4.57248E-02,  1.52250E+02
 696,4.57642E-02,  1.52476E+02
 697,4.58036E-02,  1.52692E+02
 698,4.58431E-02,  1.52851E+02
 699,4.58825E-02,  1.53015E+02
 700,4.59219E-02,  1.53232E+02
 701,4.59613E-02,  1.53441E+02
 702,4.60007E-02,  1.53590E+02
 703,4.60401E-02,  1.53743E+02
 704,4.60795E-02,  1.53952E+02
 705,4.61189E-02,  1.54152E+02
 706,4.61584E-02,  1.54290E+02
 707,4.61978E-02,  1.54433E+02
 708,4.62372E-02,  1.54633E+02
 709,4.62766E-02,  1.54824E+02
 710,4.63160E-02,  1.54952E+02
 711,4.63554E-02,  1.55084E+02
 712,4.63949E-02,  1.55275E+02
 713,4.64343E-02,  1.55456E+02
 714,4.64737E-02,  1.55572E+02
 715,4.65131E-02,  1.55693E+02
 716,4.65525E-02,  1.55874E+02
 717,4.65920E-02,  1.56045E+02
 718,4.66314E-02,  1.56150E+02
 719,4.66708E-02,  1.56258E+02
 720,4.67102E-02,  1.56429E+02
 721,4.67496E-02,  1.56590E+02
 722,4.67891E-02,  1.56683E+02
 723,4.68285E-02,  1.56779E+02
 724,4.68679E-02,  1.56939E+02
 725,4.69073E-02,  1.57089E+02
 726,4.69468E-02,  1.57169E+02
 727,4.69862E-02,  1.57252E+02
 728,4.70256E-02,  1.57401E+02
 729,4.70650E-02,  1.57540E+02
 730,4.71045E-02,  1.57607E+02
 731,4.71439E-02,  1.57677E+02
 732,4.71833E-02,  1.57814E+02
 733,4.72227E-02,  1.57941E+02
 734,4.72622E-02,  1.57994E+02
 735,4.73016E-02,  1.58050E+02
 736,4.73410E-02,  1.58175E+02
 737,4.73805E-02,  1.58291E+02
 738,4.74199E-02,  1.58330E+02
 739,4.74593E-02,  1.58371E+02
 740,4.74988E-02,  1.58483E+02
 741,4.75382E-02,  1.58586E+02
 742,4.75776E-02,  1.58611E+02
 743,4.76170E-02,  1.58638E+02
 744,4.76565E-02,  1.58737E+02
 745,4.76959E-02,  1.58827E+02
 746,4.77353E-02,  1.58837E+02
 747,4.77748E-02,  1.58849E+02
 748,4.78142E-02,  1.58934E+02
 749,4.78536E-02,  1.59011E+02
 750,4.78931E-02,  1.59006E+02
 751,4.79325E-02,  1.59002E+02
 752,4.79719E-02,  1.59073E+02
 753,4.80114E-02,  1.59136E+02
 754,4.80508E-02,  1.59115E+02
 755,4.80902E-02,  1.59095E+02
 756,4.81297E-02,  1.59151E+02
 757,4.81691E-02,  1.59199E+02
 758,4.82085E-02,  1.59162E+02
 759,4.82480E-02,  1.59125E+02
 760,4.82874E-02,  1.59166E+02
 761,4.83268E-02,  1.59198E+02
 762,4.83663E-02,  1.59145E+02
 763,4.84057E-02,  1.59091E+02
 764,4.84452E-02,  1.59116E+02
 765,4.84846E-02,  1.59134E+02
 766,4.85240E-02,  1.59063E+02
 767,4.85635E-02,  1.58993E+02
 768,4.86029E-02,  1.59002E+02
 769,4.86423E-02,  1.59003E+02
 770,4.86818E-02,  1.58915E+02
 771,4.87212E-02,  1.58825E+02
 772,4.87606E-02,  1.58816E+02
 773,4.88001E-02,  1.58798E+02
 774,4.88395E-02,  1.58690E+02
 775,4.88789E-02,  1.58581E+02
 776,4.89184E-02,  1.58552E+02
 777,4.89578E-02,  1.58517E+02
 778,4.89972E-02,  1.58391E+02
 779,4.90367E-02,  1.58265E+02
 780,4.90761E-02,  1.58221E+02
 781,4.91155E-02,  1.58173E+02
 782,4.91550E-02,  1.58034E+02
 783,4.91944E-02,  1.57895E+02
 784,4.92338E-02,  1.57841E+02
 785,4.92733E-02,  1.57783E+02
 786,4.93127E-02,  1.57636E+02
 787,4.93521E-02,  1.57487E+02
 788,4.93916E-02,  1.57424E+02
 789,4.94310E-02,  1.57359E+02
 790,4.94704E-02,  1.57203E+02
 791,4.95099E-02,  1.57045E+02
 792,4.95493E-02,  1.56974E+02
 793,4.95887E-02,  1.56900E+02
 794,4.96281E-02,  1.56735E+02
 795,4.96676E-02,  1.56567E+02
 796,4.97070E-02,  1.56486E+02
 797,4.97464E-02,  1.56404E+02
 798,4.97859E-02,  1.56229E+02
 799,4.98253E-02,  1.56051E+02
 800,4.98647E-02,  1.55961E+02
 801,4.99041E-02,  1.55871E+02
 802,4.99436E-02,  1.55687E+02
 803,4.99830E-02,  1.55501E+02
 804,5.00224E-02,  1.55403E+02
 805,5.00618E-02,  1.55305E+02
 806,5.01012E-02,  1.55116E+02
 807,5.01407E-02,  1.54923E+02
 808,5.01801E-02,  1.54820E+02
 809,5.02195E-02,  1.54719E+02
 810,5.02589E-02,  1.54527E+02
 811,5.02983E-02,  1.54334E+02
 812,5.03377E-02,  1.54231E+02
 813,5.03772E-02,  1.54135E+02
 814,5.04166E-02,  1.53950E+02
 815,5.04560E-02,  1.53762E+02
 816,5.04954E-02,  1.53633E+02
 817,5.05348E-02,  1.53500E+02
 818,5.05742E-02,  1.53346E+02
 819,5.06136E-02,  1.53197E+02
 820,5.06530E-02,  1.53090E+02
 821,5.06924E-02,  1.52967E+02
 822,5.07318E-02,  1.52741E+02
 823,5.07712E-02,  1.52503E+02
 824,5.08106E-02,  1.52350E+02
 825,5.08500E-02,  1.52195E+02
 826,5.08894E-02,  1.51939E+02
 827,5.09288E-02,  1.51671E+02
 828,5.09682E-02,  1.51491E+02
 829,5.10076E-02,  1.51310E+02
 830,5.10470E-02,  1.51027E+02
 831,5.10864E-02,  1.50733E+02
 832,5.11258E-02,  1.50528E+02
 833,5.11652E-02,  1.50323E+02
 834,5.12046E-02,  1.50017E+02
 835,5.12440E-02,  1.49698E+02
 836,5.12833E-02,  1.49469E+02
 837,5.13227E-02,  1.49241E+02
 838,5.13621E-02,  1.48911E+02
 839,5.14015E-02,  1.48568E+02
 840,5.14409E-02,  1.48315E+02
 841,5.14802E-02,  1.48065E+02
 842,5.15196E-02,  1.47711E+02
 843,5.15590E-02,  1.47344E+02
 844,5.15983E-02,  1.47069E+02
 845,5.16377E-02,  1.46795E+02
 846,5.16771E-02,  1.46419E+02
 847,5.17164E-02,  1.46029E+02
 848,5.17558E-02,  1.45731E+02
 849,5.17952E-02,  1.45435E+02
 850,5.18345E-02,  1.45037E+02
 851,5.18739E-02,  1.44624E+02
 852,5.19132E-02,  1.44304E+02
 853,5.19526E-02,  1.43987E+02
 854,5.19919E-02,  1.43567E+02
 855,5.20312E-02,  1.43132E+02
 856,5.20706E-02,  1.42790E+02
 857,5.21099E-02,  1.42453E+02
 858,5.21493E-02,  1.42012E+02
 859,5.21886E-02,  1.41556E+02
 860,5.22279E-02,  1.41193E+02
 861,5.22673E-02,  1.40835E+02
 862,5.23066E-02,  1.40374E+02
 863,5.23459E-02,  1.39898E+02
 864,5.23852E-02,  1.39514E+02
 865,5.24246E-02,  1.39137E+02
 866,5.24639E-02,  1.38657E+02
 867,5.25032E-02,  1.38161E+02
 868,5.25425E-02,  1.37758E+02
 869,5.25818E-02,  1.37361E+02
 870,5.26211E-02,  1.36863E+02
 871,5.26604E-02,  1.36348E+02
 872,5.26997E-02,  1.35925E+02
 873,5.27390E-02,  1.35510E+02
 874,5.27783E-02,  1.34995E+02
 875,5.28176E-02,  1.34462E+02
 876,5.28569E-02,  1.34021E+02
 877,5.28962E-02,  1.33588E+02
 878,5.29354E-02,  1.33055E+02
 879,5.29747E-02,  1.32505E+02
 880,5.30140E-02,  1.32046E+02
 881,5.30533E-02,  1.31596E+02
 882,5.30925E-02,  1.31047E+02
 883,5.31318E-02,  1.30481E+02
 884,5.31711E-02,  1.30004E+02
 885,5.32103E-02,  1.29537E+02
 886,5.32496E-02,  1.28973E+02
 887,5.32888E-02,  1.28391E+02
 888,5.33281E-02,  1.27898E+02
 889,5.33673E-02,  1.27415E+02
 890,5.34065E-02,  1.26837E+02
 891,5.34458E-02,  1.26240E+02
 892,5.34850E-02,  1.25731E+02
 893,5.35243E-02,  1.25233E+02
 894,5.35635E-02,  1.24640E+02
 895,5.36027E-02,  1.24029E+02
 896,5.36419E-02,  1.23505E+02
 897,5.36811E-02,  1.22993E+02
 898,5.37203E-02,  1.22387E+02
 899,5.37595E-02,  1.21763E+02
 900,5.37987E-02,  1.21224E+02
 901,5.38380E-02,  1.20698E+02
 902,5.38771E-02,  1.20079E+02
 903,5.39163E-02,  1.19443E+02
 904,5.39555E-02,  1.18891E+02
 905,5.39947E-02,  1.18351E+02
 906,5.40339E-02,  1.17721E+02
 907,5.40731E-02,  1.17073E+02
 908,5.41122E-02,  1.16508E+02
 909,5.41514E-02,  1.15956E+02
 910,5.41906E-02,  1.15315E+02
 911,5.42297E-02,  1.14657E+02
 912,5.42689E-02,  1.14079E+02
 913,5.43080E-02,  1.13515E+02
 914,5.43472E-02,  1.12865E+02
 915,5.43863E-02,  1.12196E+02
 916,5.44254E-02,  1.11608E+02
 917,5.44646E-02,  1.11032E+02
 918,5.45037E-02,  1.10373E+02
 919,5.45428E-02,  1.09695E+02
 920,5.45819E-02,  1.09096E+02
 921,5.46211E-02,  1.08510E+02
 922,5.46602E-02,  1.07843E+02
 923,5.46993E-02,  1.07157E+02
 924,5.47384E-02,  1.06548E+02
 925,5.47775E-02,  1.05952E+02
 926,5.48165E-02,  1.05278E+02
 927,5.48556E-02,  1.04585E+02
 928,5.48947E-02,  1.03967E+02
 929,5.49338E-02,  1.03362E+02
 930,5.49729E-02,  1.02681E+02
 931,5.50119E-02,  1.01982E+02
 932,5.50510E-02,  1.01355E+02
 933,5.50900E-02,  1.00743E+02
 934,5.51291E-02,  1.00056E+02
 935,5.51681E-02,  9.93518E+01
 936,5.52072E-02,  9.87179E+01
 937,5.52462E-02,  9.80986E+01
 938,5.52852E-02,  9.74067E+01
 939,5.53243E-02,  9.66977E+01
 940,5.53633E-02,  9.60574E+01
 941,5.54023E-02,  9.54317E+01
 942,5.54413E-02,  9.47359E+01
 943,5.54803E-02,  9.40233E+01
 944,5.55193E-02,  9.33774E+01
 945,5.55583E-02,  9.27462E+01
 946,5.55973E-02,  9.20473E+01
 947,5.56363E-02,  9.13320E+01
 948,5.56753E-02,  9.06814E+01
 949,5.57142E-02,  9.00454E+01
 950,5.57532E-02,  8.93444E+01
 951,5.57922E-02,  8.86273E+01
 952,5.58311E-02,  8.79728E+01
 953,5.58701E-02,  8.73330E+01
 954,5.59090E-02,  8.66306E+01
 955,5.59480E-02,  8.59126E+01
 956,5.59869E-02,  8.52552E+01
 957,5.60258E-02,  8.46125E+01
 958,5.60647E-02,  8.39096E+01
 959,5.61037E-02,  8.31916E+01
 960,5.61426E-02,  8.25321E+01
 961,5.61815E-02,  8.18872E+01
 962,5.62204E-02,  8.11848E+01
 963,5.62593E-02,  8.04677E+01
 964,5.62982E-02,  7.98070E+01
 965,5.63370E-02,  7.91609E+01
 966,5.63759E-02,  7.84597E+01
 967,5.64148E-02,  7.77444E+01
 968,5.64536E-02,  7.70835E+01
 969,5.64925E-02,  7.64369E+01
 970,5.65314E-02,  7.57378E+01
 971,5.65702E-02,  7.50252E+01
 972,5.66090E-02,  7.43649E+01
 973,5.66479E-02,  7.37188E+01
 974,5.66867E-02,  7.30227E+01
 975,5.67255E-02,  7.23136E+01
 976,5.67644E-02,  7.16548E+01
 977,5.68032E-02,  7.10100E+01
 978,5.68420E-02,  7.03177E+01
 979,5.68808E-02,  6.96130E+01
 980,5.69196E-02,  6.89566E+01
 981,5.69584E-02,  6.83140E+01
 982,5.69971E-02,  6.76263E+01
 983,5.70359E-02,  6.69269E+01
 984,5.70747E-02,  6.62736E+01
 985,5.71134E-02,  6.56341E+01
 986,5.71522E-02,  6.49519E+01
 987,5.71909E-02,  6.42585E+01
 988,5.72297E-02,  6.36094E+01
 989,5.72684E-02,  6.29737E+01
 990,5.73071E-02,  6.22977E+01
 991,5.73459E-02,  6.16112E+01
 992,5.73846E-02,  6.09670E+01
 993,5.74233E-02,  6.03361E+01
 994,5.74620E-02,  5.96671E+01
 995,5.75007E-02,  5.89883E+01
 996,5.75394E-02,  5.83499E+01
 997,5.75781E-02,  5.77244E+01
 998,5.76167E-02,  5.70633E+01
 999,5.76554E-02,  5.63930E+01
1000,5.76941E-02,  5.57611E+01
1001,5.77327E-02,  5.51420E+01
1002,5.77714E-02,  5.44894E+01
1003,5.78100E-02,  5.38283E+01
1004,5.78487E-02,  5.32039E+01
1005,5.78873E-02,  5.25918E+01
1006,5.79259E-02,  5.19486E+01
1007,5.79645E-02,  5.12975E+01
1008,5.80032E-02,  5.06812E+01
1009,5.80418E-02,  5.00770E+01
1010,5.80804E-02,  4.94438E+01
1011,5.81190E-02,  4.88033E+01
1012,5.81575E-02,  4.81959E+01
1013,5.81961E-02,  4.76004E+01
1014,5.82347E-02,  4.69779E+01
1015,5.82733E-02,  4.63488E+01
1016,5.83118E-02,  4.57511E+01
1017,5.83504E-02,  4.51650E+01
1018,5.83889E-02,  4.45538E+01
1019,5.84275E-02,  4.39368E+01
1020,5.84660E-02,  4.33495E+01
1021,5.85045E-02,  4.27735E+01
1022,5.85430E-02,  4.21744E+01
1023,5.85815E-02,  4.15701E+01
1024,5.86200E-02,  4.09938E+01
1025,5.86586E-02,  4.04286E+01
1026,5.86970E-02,  3.98422E+01
1027,5.87355E-02,  3.92512E+01
1028,5.87740E-02,  3.86867E+01
1029,5.88125E-02,  3.81329E+01
1030,5.88509E-02,  3.75598E+01
1031,5.88894E-02,  3.69827E+01
1032,5.89278E-02,  3.64306E+01
1033,5.89663E-02,  3.58889E+01
1034,5.90047E-02,  3.53297E+01
1035,5.90431E-02,  3.47671E+01
1036,5.90815E-02,  3.42281E+01
1037,5.91200E-02,  3.36991E+01
1038,5.91584E-02,  3.31542E+01
1039,5.91968E-02,  3.26066E+01
1040,5.92352E-02,  3.20812E+01
1041,5.92736E-02,  3.15655E+01
1042,5.93119E-02,  3.10356E+01
1043,5.93503E-02,  3.05033E+01
1044,5.93887E-02,  2.99921E+01
1045,5.94270E-02,  2.94901E+01
1046,5.94654E-02,  2.89755E+01
1047,5.95037E-02,  2.84591E+01
1048,5.95420E-02,  2.79623E+01
1049,5.95804E-02,  2.74745E+01
1050,5.96187E-02,  2.69754E+01
1051,5.96570E-02,  2.64750E+01
1052,5.96953E-02,  2.59928E+01
1053,5.97336E-02,  2.55193E+01
1054,5.97719E-02,  2.50356E+01
1055,5.98102E-02,  2.45509E+01
1056,5.98485E-02,  2.40831E+01
1057,5.98867E-02,  2.36232E+01
1058,5.99250E-02,  2.31541E+01
1059,5.99632E-02,  2.26839E+01
1060,6.00015E-02,  2.22289E+01
1061,6.00397E-02,  2.17806E+01
1062,6.00780E-02,  2.13235E+01
1063,6.01162E-02,  2.08644E+01
1064,6.01544E-02,  2.04179E+01
1065,6.01926E-02,  1.99760E+01
1066,6.02308E-02,  1.95243E+01
1067,6.02690E-02,  1.90687E+01
1068,6.03072E-02,  1.86217E+01
1069,6.03454E-02,  1.81756E+01
1070,6.03836E-02,  1.77166E+01
1071,6.04217E-02,  1.72501E+01
1072,6.04599E-02,  1.67892E+01
1073,6.04981E-02,  1.63278E+01
1074,6.05362E-02,  1.58508E+01
1075,6.05743E-02,  1.53666E+01
1076,6.06125E-02,  1.48920E+01
1077,6.06506E-02,  1.44234E+01
1078,6.06887E-02,  1.39523E+01
1079,6.07268E-02,  1.34845E+01
1080,6.07649E-02,  1.30297E+01
1081,6.08030E-02,  1.25836E+01
1082,6.08411E-02,  1.21379E+01
1083,6.08792E-02,  1.16967E+01
1084,6.09172E-02,  1.12679E+01
1085,6.09553E-02,  1.08475E+01
1086,6.09934E-02,  1.04281E+01
1087,6.10314E-02,  1.00132E+01
1088,6.10695E-02,  9.60935E+00
1089,6.11075E-02,  9.21311E+00
1090,6.11455E-02,  8.81829E+00
1091,6.11835E-02,  8.42774E+00
1092,6.12215E-02,  8.04696E+00
1093,6.12596E-02,  7.67301E+00
1094,6.12975E-02,  7.30080E+00
1095,6.13355E-02,  6.93269E+00
1096,6.13735E-02,  6.57317E+00
1097,6.14115E-02,  6.21980E+00
1098,6.14495E-02,  5.86849E+00
1099,6.14874E-02,  5.52119E+00
1100,6.15254E-02,  5.18143E+00
1101,6.15633E-02,  4.84721E+00
1102,6.16012E-02,  4.51543E+00
1103,6.16392E-02,  4.18760E+00
1104,6.16771E-02,  3.86638E+00
1105,6.17150E-02,  3.55019E+00
1106,6.17529E-02,  3.23679E+00
1107,6.17908E-02,  2.92736E+00
1108,6.18287E-02,  2.62369E+00
1109,6.18666E-02,  2.32458E+00
1110,6.19045E-02,  2.02864E+00
1111,6.19423E-02,  1.73670E+00
1112,6.19802E-02,  1.44975E+00
1113,6.20180E-02,  1.16695E+00
1114,6.20559E-02,  8.87687E-01
1115,6.20937E-02,  6.12471E-01
1116,6.21315E-02,  3.41551E-01
1117,6.21694E-02,  7.43872E-02
1118,6.22072E-02, -1.88891E-01
1119,6.22450E-02, -4.48056E-01
1120,6.22828E-02, -7.03573E-01
1121,6.23206E-02, -9.55672E-01
1122,6.23584E-02, -1.20356E+00
1123,6.23961E-02, -1.44727E+00
1124,6.24339E-02, -1.68791E+00
1125,6.24717E-02, -1.92545E+00
1126,6.25094E-02, -2.15850E+00
1127,6.25472E-02, -2.38733E+00
1128,6.25849E-02, -2.61360E+00
1129,6.26226E-02, -2.83705E+00
1130,6.26603E-02, -3.05572E+00
1131,6.26981E-02, -3.27010E+00
1132,6.27358E-02, -3.48243E+00
1133,6.27735E-02, -3.69225E+00
1134,6.28112E-02, -3.89702E+00
1135,6.28488E-02, -4.09745E+00
1136,6.28865E-02, -4.29630E+00
1137,6.29242E-02, -4.49292E+00
1138,6.29618E-02, -4.68431E+00
1139,6.29995E-02, -4.87133E+00
1140,6.30371E-02, -5.05719E+00
1141,6.30748E-02, -5.24106E+00
1142,6.31124E-02, -5.41948E+00
1143,6.31500E-02, -5.59350E+00
1144,6.31876E-02, -5.76678E+00
1145,6.32252E-02, -5.93832E+00
1146,6.32628E-02, -6.10426E+00
1147,6.33004E-02, -6.26575E+00
1148,6.33380E-02, -6.42687E+00
1149,6.33756E-02, -6.58652E+00
1150,6.34131E-02, -6.74045E+00
1151,6.34507E-02, -6.88992E+00
1152,6.34882E-02, -7.03931E+00
1153,6.35258E-02, -7.18742E+00
1154,6.35633E-02, -7.32968E+00
1155,6.36008E-02, -7.46747E+00
1156,6.36384E-02, -7.60554E+00
1157,6.36759E-02, -7.74254E+00
1158,6.37134E-02, -7.87361E+00
1159,6.37508E-02, -8.00021E+00
1160,6.37883E-02, -8.12738E+00
1161,6.38258E-02, -8.25370E+00
1162,6.38633E-02, -8.37402E+00
1163,6.39007E-02, -8.48990E+00
1164,6.39382E-02, -8.60664E+00
1165,6.39757E-02, -8.72275E+00
1166,6.40131E-02, -8.83283E+00
1167,6.40505E-02, -8.93846E+00
1168,6.40879E-02, -9.04519E+00
1169,6.41254E-02, -9.15146E+00
1170,6.41627E-02, -9.25167E+00
1171,6.42001E-02, -9.34746E+00
1172,6.42375E-02, -9.44458E+00
1173,6.42749E-02, -9.54143E+00
1174,6.43123E-02, -9.63220E+00
1175,6.43496E-02, -9.71859E+00
1176,6.43870E-02, -9.80655E+00
1177,6.44244E-02, -9.89444E+00
1178,6.44617E-02, -9.97627E+00
1179,6.44990E-02, -1.00538E+01
1180,6.45364E-02, -1.01330E+01
1181,6.45737E-02, -1.02123E+01
1182,6.46110E-02, -1.02856E+01
1183,6.46483E-02, -1.03546E+01
1184,6.46856E-02, -1.04255E+01
1185,6.47229E-02, -1.04967E+01
1186,6.47601E-02, -1.05619E+01
1187,6.47974E-02, -1.06228E+01
1188,6.48346E-02, -1.06858E+01
1189,6.48719E-02, -1.07492E+01
1190,6.49091E-02, -1.08066E+01
1191,6.49464E-02, -1.08598E+01
1192,6.49836E-02, -1.09152E+01
1193,6.50208E-02, -1.09712E+01
1194,6.50580E-02, -1.10213E+01
1195,6.50952E-02, -1.10673E+01
1196,6.51324E-02, -1.11156E+01
1197,6.51696E-02, -1.11646E+01
1198,6.52068E-02, -1.12078E+01
1199,6.52439E-02, -1.12469E+01
1200,6.52811E-02, -1.12885E+01
1201,6.53183E-02, -1.13309E+01
1202,6.53554E-02, -1.13675E+01
1203,6.53925E-02, -1.14002E+01
1204,6.54296E-02, -1.14354E+01
1205,6.54668E-02, -1.14715E+01
1206,6.55039E-02, -1.15020E+01
1207,6.55410E-02, -1.15284E+01
1208,6.55781E-02, -1.15576E+01
1209,6.56151E-02, -1.15878E+01
1210,6.56522E-02, -1.16124E+01
1211,6.56893E-02, -1.16331E+01
1212,6.57263E-02, -1.16565E+01
1213,6.57634E-02, -1.16810E+01
1214,6.58004E-02, -1.17001E+01
1215,6.58374E-02, -1.17152E+01
1216,6.58745E-02, -1.17332E+01
1217,6.59115E-02, -1.17524E+01
1218,6.59485E-02, -1.17662E+01
1219,6.59855E-02, -1.17761E+01
1220,6.60225E-02, -1.17889E+01
1221,6.60595E-02, -1.18030E+01
1222,6.60964E-02, -1.18117E+01
1223,6.61334E-02, -1.18166E+01
1224,6.61703E-02, -1.18244E+01
1225,6.62073E-02, -1.18335E+01
1226,6.62442E-02, -1.18374E+01
1227,6.62812E-02, -1.18376E+01
1228,6.63181E-02, -1.18407E+01
1229,6.63550E-02, -1.18451E+01
1230,6.63919E-02, -1.18445E+01
1231,6.64288E-02, -1.18401E+01
1232,6.64657E-02, -1.18387E+01
1233,6.65026E-02, -1.18388E+01
1234,6.65394E-02, -1.18339E+01
1235,6.65763E-02, -1.18253E+01
1236,6.66131E-02, -1.18198E+01
1237,6.66500E-02, -1.18159E+01
1238,6.66868E-02, -1.18070E+01
1239,6.67236E-02, -1.17948E+01
1240,6.67604E-02, -1.17856E+01
1241,6.67972E-02, -1.17781E+01
1242,6.68340E-02, -1.17660E+01
1243,6.68708E-02, -1.17505E+01
1244,6.69076E-02, -1.17383E+01
1245,6.69444E-02, -1.17280E+01
1246,6.69811E-02, -1.17132E+01
1247,6.70179E-02, -1.16954E+01
1248,6.70546E-02, -1.16809E+01
1249,6.70914E-02, -1.16686E+01
1250,6.71281E-02, -1.16521E+01
1251,6.71648E-02, -1.16328E+01
1252,6.72015E-02, -1.16171E+01
1253,6.72382E-02, -1.16037E+01
1254,6.72749E-02, -1.15865E+01
1255,6.73116E-02, -1.15667E+01
1256,6.73482E-02, -1.15508E+01
1257,6.73849E-02, -1.15374E+01
1258,6.74216E-02, -1.15205E+01
1259,6.74582E-02, -1.15014E+01
1260,6.74948E-02, -1.14863E+01
1261,6.75315E-02, -1.14740E+01
1262,6.75681E-02, -1.14584E+01
1263,6.76047E-02, -1.14409E+01
1264,6.76413E-02, -1.14276E+01
1265,6.76779E-02, -1.14172E+01
1266,6.77145E-02, -1.14039E+01
1267,6.77510E-02, -1.13888E+01
1268,6.77876E-02, -1.13779E+01
1269,6.78242E-02, -1.13701E+01
1270,6.78607E-02, -1.13595E+01
1271,6.78972E-02, -1.13472E+01
1272,6.79337E-02, -1.13390E+01
1273,6.79703E-02, -1.13340E+01
1274,6.80068E-02, -1.13262E+01
1275,6.80433E-02, -1.13165E+01
1276,6.80798E-02, -1.13109E+01
1277,6.81162E-02, -1.13082E+01
1278,6.81527E-02, -1.13026E+01
1279,6.81892E-02, -1.12949E+01
1280,6.82256E-02, -1.12910E+01
1281,6.82621E-02, -1.12897E+01
1282,6.82985E-02, -1.12851E+01
1283,6.83349E-02, -1.12780E+01
1284,6.83713E-02, -1.12742E+01
1285,6.84077E-02, -1.12725E+01
1286,6.84441E-02, -1.12671E+01
1287,6.84805E-02, -1.12586E+01
1288,6.85169E-02, -1.12527E+01
1289,6.85533E-02, -1.12484E+01
1290,6.85896E-02, -1.12396E+01
1291,6.86259E-02, -1.12270E+01
1292,6.86623E-02, -1.12162E+01
1293,6.86986E-02, -1.12062E+01
1294,6.87349E-02, -1.11909E+01
1295,6.87712E-02, -1.11709E+01
1296,6.88075E-02, -1.11518E+01
1297,6.88438E-02, -1.11324E+01
1298,6.88801E-02, -1.11069E+01
1299,6.89164E-02, -1.10757E+01
1300,6.89526E-02, -1.10442E+01
1301,6.89889E-02, -1.10112E+01
1302,6.90251E-02, -1.09709E+01
1303,6.90614E-02, -1.09238E+01
1304,6.90976E-02, -1.08748E+01
1305,6.91338E-02, -1.08231E+01
1306,6.91700E-02, -1.07625E+01
1307,6.92062E-02, -1.06936E+01
1308,6.92424E-02, -1.06211E+01
1309,6.92786E-02, -1.05439E+01
1310,6.93147E-02, -1.04563E+01
1311,6.93509E-02, -1.03583E+01
1312,6.93870E-02, -1.02547E+01
1313,6.94232E-02, -1.01440E+01
1314,6.94593E-02, -1.00208E+01
1315,6.94954E-02, -9.88526E+00
1316,6.95315E-02, -9.74189E+00
1317,6.95676E-02, -9.58996E+00
1318,6.96037E-02, -9.42507E+00
1319,6.96398E-02, -9.24825E+00
1320,6.96758E-02, -9.06397E+00
1321,6.97119E-02, -8.86941E+00
1322,6.97479E-02, -8.65342E+00
1323,6.97840E-02, -8.40126E+00
1324,6.98200E-02, -8.09021E+00
1325,6.98560E-02, -7.68240E+00
1326,6.98920E-02, -7.14103E+00
1327,6.99280E-02, -6.47245E+00
1328,6.99640E-02, -5.81617E+00
1329,7.00000E-02, -5.98439E+00
1330,7.01851E-02, -7.21703E+00
1331,7.03737E-02, -8.43679E+00
1332,7.05659E-02, -9.22652E+00
1333,7.07617E-02, -9.85463E+00
1334,7.09612E-02, -1.03986E+01
1335,7.11645E-02, -1.08855E+01
1336,7.13716E-02, -1.13348E+01
1337,7.15826E-02, -1.17582E+01
1338,7.17977E-02, -1.21638E+01
1339,7.20168E-02, -1.25565E+01
1340,7.22400E-02, -1.29400E+01
1341,7.24675E-02, -1.33168E+01
1342,7.26992E-02, -1.36885E+01
1343,7.29354E-02, -1.40564E+01
1344,7.31760E-02, -1.44209E+01
1345,7.34211E-02, -1.47821E+01
1346,7.36709E-02, -1.51395E+01
1347,7.39255E-02, -1.54921E+01
1348,7.41848E-02, -1.58384E+01
1349,7.44490E-02, -1.61762E+01
1350,7.47183E-02, -1.65031E+01
1351,7.49926E-02, -1.68164E+01
1352,7.52721E-02, -1.71132E+01
1353,7.55569E-02, -1.73907E+01
1354,7.58471E-02, -1.76461E+01
1355,7.61428E-02, -1.78770E+01
1356,7.64440E-02, -1.80813E+01
1357,7.67510E-02, -1.82571E+01
1358,7.70637E-02, -1.84029E+01
1359,7.73824E-02, -1.85170E+01
1360,7.77071E-02, -1.85978E+01
1361,7.80380E-02, -1.86435E+01
1362,7.83751E-02, -1.86522E+01
1363,7.87186E-02, -1.86212E+01
1364,7.90685E-02, -1.85471E+01
1365,7.94251E-02, -1.84268E+01
1366,7.97885E-02, -1.82572E+01
1367,8.01587E-02, -1.80361E+01
1368,8.05359E-02, -1.77613E+01
1369,8.09202E-02, -1.74302E+01
1370,8.13118E-02, -1.70404E+01
1371,8.17108E-02, -1.65899E+01
1372,8.21174E-02, -1.60771E+01
1373,8.25316E-02, -1.55003E+01
1374,8.29537E-02, -1.48587E+01
1375,8.33838E-02, -1.41524E+01
1376,8.38220E-02, -1.33815E+01
1377,8.42684E-02, -1.25472E+01
1378,8.47234E-02, -1.16507E+01
1379,8.51869E-02, -1.06935E+01
1380,8.56592E-02, -9.67879E+00
1381,8.61404E-02, -8.61049E+00
1382,8.66307E-02, -7.49252E+00
1383,8.71303E-02, -6.33022E+00
1384,8.76394E-02, -5.12913E+00
1385,8.81580E-02, -3.89490E+00
1386,8.86865E-02, -2.63567E+00
1387,8.92250E-02, -1.36006E+00
1388,8.97736E-02, -7.74214E-02
1389,9.03326E-02,  1.20035E+00
1390,9.09022E-02,  2.46464E+00
1391,9.14826E-02,  3.71002E+00
1392,9.20740E-02,  4.93034E+00
1393,9.26765E-02,  6.11932E+00
1394,9.32904E-02,  7.27098E+00
1395,9.39159E-02,  8.37992E+00
1396,9.45533E-02,  9.44137E+00
1397,9.52027E-02,  1.04512E+01
1398,9.58644E-02,  1.14062E+01
1399,9.65386E-02,  1.23038E+01
1400,9.72256E-02,  1.31422E+01
1401,9.79255E-02,  1.39205E+01
1402,9.86387E-02,  1.46383E+01
1403,9.93654E-02,  1.52964E+01
1404,1.00106E-01,  1.58957E+01
1405,1.00860E-01,  1.64382E+01
1406,1.01629E-01,  1.69261E+01
1407,1.02412E-01,  1.73623E+01
1408,1.03210E-01,  1.77500E+01
1409,1.04023E-01,  1.80927E+01
1410,1.04852E-01,  1.83942E+01
1411,1.05696E-01,  1.86585E+01
1412,1.06556E-01,  1.88896E+01
1413,1.07432E-01,  1.90916E+01
1414,1.08325E-01,  1.92683E+01
1415,1.09235E-01,  1.94238E+01
1416,1.10162E-01,  1.95617E+01
1417,1.11107E-01,  1.96856E+01
1418,1.12069E-01,  1.97989E+01
1419,1.13050E-01,  1.99047E+01
1420,1.14049E-01,  2.00057E+01
1421,1.15067E-01,  2.01047E+01
1422,1.16105E-01,  2.02037E+01
1423,1.17161E-01,  2.03048E+01
1424,1.18238E-01,  2.04094E+01
1425,1.19336E-01,  2.05189E+01
1426,1.20454E-01,  2.06341E+01
1427,1.21593E-01,  2.07557E+01
1428,1.22754E-01,  2.08841E+01
1429,1.23936E-01,  2.10193E+01
1430,1.25141E-01,  2.11612E+01
1431,1.26369E-01,  2.13094E+01
1432,1.27620E-01,  2.14633E+01
1433,1.28895E-01,  2.16224E+01
1434,1.30194E-01,  2.17857E+01
1435,1.31517E-01,  2.19524E+01
1436,1.32866E-01,  2.21210E+01
1437,1.34240E-01,  2.22904E+01
1438,1.35639E-01,  2.24586E+01
1439,1.37066E-01,  2.26227E+01
1440,1.38519E-01,  2.28162E+01
1441,1.40000E-01,  2.29289E+01
