1,1.00000E-02,  2.84966E+01
2,1.00000E-02,  2.84238E+01
3,1.00000E-02,  2.82832E+01
4,1.00000E-02,  2.81477E+01
5,1.00000E-02,  2.80067E+01
6,1.00000E-02,  2.78523E+01
7,1.00000E-02,  2.76820E+01
8,1.00000E-02,  2.74951E+01
9,1.00000E-02,  2.72923E+01
10,1.00000E-02,  2.70752E+01
11,1.00000E-02,  2.68460E+01
12,1.00000E-02,  2.66067E+01
13,1.00000E-02,  2.63595E+01
14,1.00000E-02,  2.61063E+01
15,1.00000E-02,  2.58488E+01
16,1.00000E-02,  2.55882E+01
17,1.00000E-02,  2.53255E+01
18,1.00000E-02,  2.50600E+01
19,1.00000E-02,  2.47891E+01
20,1.00000E-02,  2.44808E+01
21,1.00000E-02,  2.41330E+01
22,1.00000E-02,  2.39742E+01
23,9.98961E-03,  2.41983E+01
24,9.97903E-03,  2.46462E+01
25,9.96784E-03,  2.51197E+01
26,9.95625E-03,  2.55685E+01
27,9.94426E-03,  2.59949E+01
28,9.93167E-03,  2.64073E+01
29,9.91889E-03,  2.68149E+01
30,9.90531E-03,  2.72262E+01
31,9.89153E-03,  2.76390E+01
32,9.87715E-03,  2.80544E+01
33,9.86238E-03,  2.84715E+01
34,9.84721E-03,  2.88917E+01
35,9.83146E-03,  2.93141E+01
36,9.81550E-03,  2.97405E+01
37,9.79877E-03,  3.01753E+01
38,9.78184E-03,  3.06144E+01
39,9.76432E-03,  3.10587E+01
40,9.74642E-03,  3.15071E+01
41,9.72813E-03,  3.19611E+01
42,9.70927E-03,  3.24197E+01
43,9.69021E-03,  3.28847E+01
44,9.67040E-03,  3.33606E+01
45,9.65039E-03,  3.38428E+01
46,9.62981E-03,  3.43322E+01
47,9.60887E-03,  3.48273E+01
48,9.58754E-03,  3.53299E+01
49,9.56566E-03,  3.58384E+01
50,9.54360E-03,  3.63550E+01
51,9.52080E-03,  3.68843E+01
52,9.49782E-03,  3.74211E+01
53,9.47429E-03,  3.79666E+01
54,9.45041E-03,  3.85190E+01
55,9.42617E-03,  3.90803E+01
56,9.40140E-03,  3.96485E+01
57,9.37645E-03,  4.02262E+01
58,9.35081E-03,  4.08182E+01
59,9.32499E-03,  4.14189E+01
60,9.29866E-03,  4.20296E+01
61,9.27199E-03,  4.26484E+01
62,9.24499E-03,  4.32776E+01
63,9.21748E-03,  4.39150E+01
64,9.18982E-03,  4.45635E+01
65,9.16150E-03,  4.52283E+01
66,9.13302E-03,  4.59038E+01
67,9.10407E-03,  4.65912E+01
68,9.07480E-03,  4.72897E+01
69,9.04522E-03,  4.79975E+01
70,9.01519E-03,  4.87283E+01
71,8.98501E-03,  4.95002E+01
72,8.95423E-03,  5.02582E+01
73,8.92331E-03,  5.09914E+01
74,8.89195E-03,  5.17477E+01
75,8.86032E-03,  5.25204E+01
76,8.82841E-03,  5.33093E+01
77,8.79608E-03,  5.41098E+01
78,8.76362E-03,  5.49240E+01
79,8.73064E-03,  5.57565E+01
80,8.69753E-03,  5.66006E+01
81,8.66404E-03,  5.74578E+01
82,8.63030E-03,  5.83259E+01
83,8.59632E-03,  5.92073E+01
84,8.56200E-03,  6.00997E+01
85,8.52755E-03,  6.10059E+01
86,8.49266E-03,  6.19310E+01
87,8.45767E-03,  6.28687E+01
88,8.42236E-03,  6.38207E+01
89,8.38685E-03,  6.47848E+01
90,8.35115E-03,  6.57635E+01
91,8.31516E-03,  6.67547E+01
92,8.27908E-03,  6.77611E+01
93,8.24265E-03,  6.87869E+01
94,8.20615E-03,  6.98267E+01
95,8.16940E-03,  7.08819E+01
96,8.13251E-03,  7.19506E+01
97,8.09547E-03,  7.30349E+01
98,8.05823E-03,  7.41333E+01
99,8.02093E-03,  7.52476E+01
100,7.98340E-03,  7.63812E+01
101,7.94582E-03,  7.75298E+01
102,7.90809E-03,  7.86941E+01
103,7.87027E-03,  7.98731E+01
104,7.83237E-03,  8.10680E+01
105,7.79437E-03,  8.22780E+01
106,7.75633E-03,  8.35038E+01
107,7.71820E-03,  8.47473E+01
108,7.68005E-03,  8.60058E+01
109,7.64186E-03,  8.72795E+01
110,7.60366E-03,  8.85682E+01
111,7.56544E-03,  8.98716E+01
112,7.52723E-03,  9.11904E+01
113,7.48903E-03,  9.25232E+01
114,7.45089E-03,  9.38692E+01
115,7.41277E-03,  9.52287E+01
116,7.37472E-03,  9.66003E+01
117,7.33675E-03,  9.79842E+01
118,7.29885E-03,  9.93819E+01
119,7.26108E-03,  1.00783E+02
120,7.22337E-03,  1.02173E+02
121,7.18589E-03,  1.03611E+02
122,7.14848E-03,  1.05096E+02
123,7.11128E-03,  1.06571E+02
124,7.07425E-03,  1.08050E+02
125,7.03738E-03,  1.09532E+02
126,7.00080E-03,  1.11024E+02
127,6.96432E-03,  1.12520E+02
128,6.92828E-03,  1.14010E+02
129,6.89235E-03,  1.15506E+02
130,6.85680E-03,  1.17004E+02
131,6.82152E-03,  1.18508E+02
132,6.78651E-03,  1.20010E+02
133,6.75196E-03,  1.21519E+02
134,6.71755E-03,  1.23023E+02
135,6.68381E-03,  1.24502E+02
136,6.65024E-03,  1.25978E+02
137,6.61722E-03,  1.27442E+02
138,6.58458E-03,  1.28901E+02
139,6.55234E-03,  1.30343E+02
140,6.52072E-03,  1.31779E+02
141,6.48932E-03,  1.33191E+02
142,6.45882E-03,  1.34550E+02
143,6.42856E-03,  1.35889E+02
144,6.39902E-03,  1.37194E+02
145,6.37000E-03,  1.38478E+02
146,6.34149E-03,  1.39721E+02
147,6.31380E-03,  1.40937E+02
148,6.28639E-03,  1.42105E+02
149,6.26013E-03,  1.43182E+02
150,6.23418E-03,  1.44215E+02
151,6.20914E-03,  1.45188E+02
152,6.18474E-03,  1.46112E+02
153,6.16099E-03,  1.46964E+02
154,6.13824E-03,  1.47760E+02
155,6.11583E-03,  1.48480E+02
156,6.09484E-03,  1.49066E+02
157,6.07421E-03,  1.49586E+02
158,6.05468E-03,  1.50032E+02
159,6.03593E-03,  1.50428E+02
160,6.01794E-03,  1.50763E+02
161,6.00114E-03,  1.51063E+02
162,5.98474E-03,  1.51309E+02
163,5.96998E-03,  1.51435E+02
164,5.95566E-03,  1.51515E+02
165,5.94260E-03,  1.51548E+02
166,5.93042E-03,  1.51540E+02
167,5.91912E-03,  1.51554E+02
168,5.90916E-03,  1.51387E+02
169,5.89965E-03,  1.51110E+02
170,5.89199E-03,  1.51233E+02
171,5.88479E-03,  1.51383E+02
172,5.87901E-03,  1.51085E+02
173,5.87420E-03,  1.50562E+02
174,5.87034E-03,  1.49852E+02
175,5.86795E-03,  1.48979E+02
176,5.86605E-03,  1.47949E+02
177,5.86614E-03,  1.46671E+02
178,5.86672E-03,  1.45241E+02
179,5.86881E-03,  1.43673E+02
180,5.87192E-03,  1.41970E+02
181,5.87604E-03,  1.40141E+02
182,5.88170E-03,  1.38190E+02
183,5.88786E-03,  1.36130E+02
184,5.89608E-03,  1.33869E+02
185,5.90482E-03,  1.31494E+02
186,5.91511E-03,  1.29028E+02
187,5.92643E-03,  1.26467E+02
188,5.93879E-03,  1.23826E+02
189,5.95270E-03,  1.21101E+02
190,5.96712E-03,  1.18312E+02
191,5.98361E-03,  1.15375E+02
192,6.00060E-03,  1.12366E+02
193,6.01914E-03,  1.09316E+02
194,6.03869E-03,  1.06211E+02
195,6.05927E-03,  1.03075E+02
196,6.08136E-03,  9.98987E+01
197,6.10395E-03,  9.67050E+01
198,6.12855E-03,  9.34282E+01
199,6.15364E-03,  9.01267E+01
200,6.18021E-03,  8.68311E+01
201,6.20776E-03,  8.35290E+01
202,6.23628E-03,  8.02426E+01
203,6.26624E-03,  7.69627E+01
204,6.29669E-03,  7.37115E+01
205,6.32903E-03,  7.04428E+01
206,6.36183E-03,  6.71978E+01
207,6.39603E-03,  6.40034E+01
208,6.43114E-03,  6.08499E+01
209,6.46716E-03,  5.77566E+01
210,6.50453E-03,  5.47180E+01
211,6.54235E-03,  5.17525E+01
212,6.58193E-03,  4.88345E+01
213,6.62194E-03,  4.59934E+01
214,6.66324E-03,  4.32552E+01
215,6.70539E-03,  4.06154E+01
216,6.74838E-03,  3.80781E+01
217,6.79262E-03,  3.55353E+01
218,6.83727E-03,  3.30091E+01
219,6.88355E-03,  3.04938E+01
220,6.93023E-03,  2.78743E+01
221,6.97810E-03,  2.52379E+01
222,7.02675E-03,  2.26972E+01
223,7.07618E-03,  2.02754E+01
224,7.12674E-03,  1.79705E+01
225,7.17769E-03,  1.57797E+01
226,7.23012E-03,  1.36902E+01
227,7.28291E-03,  1.17034E+01
228,7.33680E-03,  9.81997E+00
229,7.39139E-03,  8.03363E+00
230,7.44669E-03,  6.34290E+00
231,7.50304E-03,  4.74353E+00
232,7.55974E-03,  3.23293E+00
233,7.61780E-03,  1.80772E+00
234,7.67620E-03,  4.66101E-01
235,7.73560E-03, -7.93430E-01
236,7.79566E-03, -1.97298E+00
237,7.85637E-03, -3.07530E+00
238,7.91806E-03, -4.10199E+00
239,7.98006E-03, -5.05862E+00
240,8.04334E-03, -5.94093E+00
241,8.10693E-03, -6.75039E+00
242,8.17146E-03, -7.49256E+00
243,8.23661E-03, -8.16735E+00
244,8.30237E-03, -8.78087E+00
245,8.36904E-03, -9.33563E+00
246,8.43602E-03, -9.83584E+00
247,8.50420E-03, -1.02775E+01
248,8.57267E-03, -1.06661E+01
249,8.64203E-03, -1.10074E+01
250,8.71198E-03, -1.13018E+01
251,8.78251E-03, -1.15565E+01
252,8.85391E-03, -1.17717E+01
253,8.92560E-03, -1.19536E+01
254,8.99844E-03, -1.21037E+01
255,9.07156E-03, -1.22326E+01
256,9.14554E-03, -1.23502E+01
257,9.22007E-03, -1.24572E+01
258,9.29517E-03, -1.25565E+01
259,9.37110E-03, -1.26391E+01
260,9.44732E-03, -1.26954E+01
261,9.52464E-03, -1.26989E+01
262,9.60223E-03, -1.26165E+01
263,9.68065E-03, -1.23845E+01
264,9.75961E-03, -1.18812E+01
265,9.83911E-03, -1.09600E+01
266,9.91942E-03, -9.72112E+00
267,1.00000E-02, -9.34873E+00
268,1.00000E-02, -1.06549E+01
269,1.00000E-02, -1.24468E+01
270,1.00000E-02, -1.38790E+01
271,1.00000E-02, -1.52093E+01
272,1.00000E-02, -1.64977E+01
273,1.00000E-02, -1.76156E+01
274,1.00000E-02, -1.83898E+01
275,1.00000E-02, -1.86600E+01
276,1.00000E-02, -1.83299E+01
277,1.00000E-02, -1.74114E+01
278,1.00000E-02, -1.59809E+01
279,1.00000E-02, -1.41197E+01
280,1.00000E-02, -1.19096E+01
281,1.00000E-02, -9.42272E+00
282,1.00000E-02, -6.72180E+00
283,1.00000E-02, -3.86122E+00
284,1.00000E-02, -9.22984E-01
285,1.00000E-02,  1.97206E+00
286,1.00000E-02,  4.73754E+00
287,1.00000E-02,  7.33325E+00
288,1.00000E-02,  9.72474E+00
289,1.00000E-02,  1.18806E+01
290,1.00000E-02,  1.37788E+01
291,1.00000E-02,  1.54062E+01
292,1.00000E-02,  1.67604E+01
293,1.00000E-02,  1.78494E+01
294,1.00000E-02,  1.86903E+01
295,1.00000E-02,  1.93085E+01
296,1.00000E-02,  1.97354E+01
297,1.00000E-02,  2.00051E+01
298,1.00000E-02,  2.01522E+01
299,1.00000E-02,  2.02120E+01
300,1.00000E-02,  2.02217E+01
301,1.00000E-02,  2.02186E+01
302,1.00000E-02,  2.02348E+01
303,1.00000E-02,  2.02912E+01
304,1.00000E-02,  2.03980E+01
305,1.00000E-02,  2.05591E+01
306,1.00000E-02,  2.07736E+01
307,1.00000E-02,  2.10365E+01
308,1.00000E-02,  2.13397E+01
309,1.00000E-02,  2.16729E+01
310,1.00000E-02,  2.20247E+01
311,1.00000E-02,  2.23839E+01
312,1.00000E-02,  2.27414E+01
313,1.00000E-02,  2.30885E+01
314,1.00000E-02,  2.34223E+01
315,1.00000E-02,  2.37590E+01
316,1.00000E-02,  2.39315E+01
