 1,1.88442E-45,  2.94457E+01
 2,7.87667E-04,  2.93967E+01
 3,1.54806E-03,  2.93077E+01
 4,2.28211E-03,  2.92329E+01
 5,2.99075E-03,  2.91656E+01
 6,3.67484E-03,  2.91020E+01
 7,4.33525E-03,  2.90402E+01
 8,4.97278E-03,  2.89787E+01
 9,5.58823E-03,  2.89166E+01
10,6.18238E-03,  2.88530E+01
11,6.75594E-03,  2.87876E+01
12,7.30964E-03,  2.87199E+01
13,7.84417E-03,  2.86497E+01
14,8.36019E-03,  2.85766E+01
15,8.85833E-03,  2.85007E+01
16,9.33923E-03,  2.84218E+01
17,9.80347E-03,  2.83398E+01
18,1.02516E-02,  2.82547E+01
19,1.06843E-02,  2.81667E+01
20,1.11019E-02,  2.80756E+01
21,1.15051E-02,  2.79816E+01
22,1.18944E-02,  2.78847E+01
23,1.22701E-02,  2.77851E+01
24,1.26329E-02,  2.76829E+01
25,1.29830E-02,  2.75782E+01
26,1.33211E-02,  2.74711E+01
27,1.36474E-02,  2.73618E+01
28,1.39625E-02,  2.72503E+01
29,1.42666E-02,  2.71369E+01
30,1.45602E-02,  2.70217E+01
31,1.48436E-02,  2.69048E+01
32,1.51173E-02,  2.67863E+01
33,1.53814E-02,  2.66665E+01
34,1.56364E-02,  2.65453E+01
35,1.58826E-02,  2.64230E+01
36,1.61202E-02,  2.62997E+01
37,1.63496E-02,  2.61754E+01
38,1.65711E-02,  2.60502E+01
39,1.67849E-02,  2.59243E+01
40,1.69913E-02,  2.57978E+01
41,1.71905E-02,  2.56705E+01
42,1.73829E-02,  2.55428E+01
43,1.75685E-02,  2.54144E+01
44,1.77478E-02,  2.52855E+01
45,1.79208E-02,  2.51560E+01
46,1.80879E-02,  2.50260E+01
47,1.82492E-02,  2.48952E+01
48,1.84048E-02,  2.47636E+01
49,1.85551E-02,  2.46310E+01
50,1.87002E-02,  2.44971E+01
51,1.88403E-02,  2.43617E+01
52,1.89755E-02,  2.42244E+01
53,1.91060E-02,  2.40844E+01
54,1.92320E-02,  2.39411E+01
55,1.93537E-02,  2.37932E+01
56,1.94711E-02,  2.36392E+01
57,1.95845E-02,  2.34775E+01
58,1.96939E-02,  2.33007E+01
59,1.97996E-02,  2.30713E+01
60,1.99015E-02,  2.26855E+01
61,2.00000E-02,  2.22656E+01
62,2.00259E-02,  2.22061E+01
63,2.00518E-02,  2.24683E+01
64,2.00777E-02,  2.27620E+01
65,2.01036E-02,  2.30207E+01
66,2.01294E-02,  2.32318E+01
67,2.01553E-02,  2.34031E+01
68,2.01812E-02,  2.35441E+01
69,2.02071E-02,  2.36640E+01
70,2.02330E-02,  2.37715E+01
71,2.02589E-02,  2.38756E+01
72,2.02848E-02,  2.39812E+01
73,2.03106E-02,  2.40859E+01
74,2.03365E-02,  2.41870E+01
75,2.03624E-02,  2.42842E+01
76,2.03883E-02,  2.43812E+01
77,2.04142E-02,  2.44802E+01
78,2.04400E-02,  2.45779E+01
79,2.04659E-02,  2.46713E+01
80,2.04918E-02,  2.47607E+01
81,2.05177E-02,  2.48499E+01
82,2.05436E-02,  2.49415E+01
83,2.05694E-02,  2.50321E+01
84,2.05953E-02,  2.51191E+01
85,2.06212E-02,  2.52023E+01
86,2.06471E-02,  2.52859E+01
87,2.06730E-02,  2.53722E+01
88,2.06988E-02,  2.54581E+01
89,2.07247E-02,  2.55404E+01
90,2.07506E-02,  2.56193E+01
91,2.07765E-02,  2.56988E+01
92,2.08023E-02,  2.57814E+01
93,2.08282E-02,  2.58636E+01
94,2.08541E-02,  2.59426E+01
95,2.08799E-02,  2.60182E+01
96,2.09058E-02,  2.60947E+01
97,2.09317E-02,  2.61744E+01
98,2.09576E-02,  2.62540E+01
99,2.09834E-02,  2.63304E+01
100,2.10093E-02,  2.64035E+01
101,2.10352E-02,  2.64777E+01
102,2.10610E-02,  2.65553E+01
103,2.10869E-02,  2.66328E+01
104,2.11128E-02,  2.67072E+01
105,2.11386E-02,  2.67784E+01
106,2.11645E-02,  2.68507E+01
107,2.11904E-02,  2.69267E+01
108,2.12162E-02,  2.70026E+01
109,2.12421E-02,  2.70755E+01
110,2.12679E-02,  2.71452E+01
111,2.12938E-02,  2.72161E+01
112,2.13197E-02,  2.72908E+01
113,2.13455E-02,  2.73655E+01
114,2.13714E-02,  2.74371E+01
115,2.13972E-02,  2.75057E+01
116,2.14231E-02,  2.75755E+01
117,2.14490E-02,  2.76491E+01
118,2.14748E-02,  2.77229E+01
119,2.15007E-02,  2.77936E+01
120,2.15265E-02,  2.78613E+01
121,2.15524E-02,  2.79302E+01
122,2.15782E-02,  2.80031E+01
123,2.16041E-02,  2.80761E+01
124,2.16300E-02,  2.81461E+01
125,2.16558E-02,  2.82130E+01
126,2.16817E-02,  2.82813E+01
127,2.17075E-02,  2.83536E+01
128,2.17334E-02,  2.84261E+01
129,2.17592E-02,  2.84955E+01
130,2.17851E-02,  2.85619E+01
131,2.18109E-02,  2.86297E+01
132,2.18368E-02,  2.87015E+01
133,2.18626E-02,  2.87736E+01
134,2.18885E-02,  2.88427E+01
135,2.19143E-02,  2.89086E+01
136,2.19401E-02,  2.89760E+01
137,2.19660E-02,  2.90476E+01
138,2.19918E-02,  2.91194E+01
139,2.20177E-02,  2.91881E+01
140,2.20435E-02,  2.92538E+01
141,2.20694E-02,  2.93209E+01
142,2.20952E-02,  2.93923E+01
143,2.21210E-02,  2.94639E+01
144,2.21469E-02,  2.95325E+01
145,2.21727E-02,  2.95980E+01
146,2.21986E-02,  2.96650E+01
147,2.22244E-02,  2.97362E+01
148,2.22502E-02,  2.98078E+01
149,2.22761E-02,  2.98763E+01
150,2.23019E-02,  2.99416E+01
151,2.23278E-02,  3.00085E+01
152,2.23536E-02,  3.00798E+01
153,2.23794E-02,  3.01513E+01
154,2.24053E-02,  3.02198E+01
155,2.24311E-02,  3.02851E+01
156,2.24569E-02,  3.03520E+01
157,2.24828E-02,  3.04233E+01
158,2.25086E-02,  3.04949E+01
159,2.25344E-02,  3.05634E+01
160,2.25602E-02,  3.06288E+01
161,2.25861E-02,  3.06958E+01
162,2.26119E-02,  3.07672E+01
163,2.26377E-02,  3.08389E+01
164,2.26636E-02,  3.09075E+01
165,2.26894E-02,  3.09730E+01
166,2.27152E-02,  3.10401E+01
167,2.27410E-02,  3.11117E+01
168,2.27669E-02,  3.11836E+01
169,2.27927E-02,  3.12524E+01
170,2.28185E-02,  3.13179E+01
171,2.28443E-02,  3.13852E+01
172,2.28701E-02,  3.14570E+01
173,2.28960E-02,  3.15292E+01
174,2.29218E-02,  3.15982E+01
175,2.29476E-02,  3.16639E+01
176,2.29734E-02,  3.17314E+01
177,2.29992E-02,  3.18035E+01
178,2.30250E-02,  3.18759E+01
179,2.30509E-02,  3.19451E+01
180,2.30767E-02,  3.20111E+01
181,2.31025E-02,  3.20788E+01
182,2.31283E-02,  3.21512E+01
183,2.31541E-02,  3.22239E+01
184,2.31799E-02,  3.22935E+01
185,2.32057E-02,  3.23597E+01
186,2.32316E-02,  3.24277E+01
187,2.32574E-02,  3.25005E+01
188,2.32832E-02,  3.25735E+01
189,2.33090E-02,  3.26434E+01
190,2.33348E-02,  3.27099E+01
191,2.33606E-02,  3.27783E+01
192,2.33864E-02,  3.28514E+01
193,2.34122E-02,  3.29248E+01
194,2.34380E-02,  3.29950E+01
195,2.34638E-02,  3.30619E+01
196,2.34896E-02,  3.31306E+01
197,2.35154E-02,  3.32041E+01
198,2.35412E-02,  3.32780E+01
199,2.35670E-02,  3.33485E+01
200,2.35928E-02,  3.34158E+01
201,2.36186E-02,  3.34849E+01
202,2.36444E-02,  3.35588E+01
203,2.36702E-02,  3.36331E+01
204,2.36960E-02,  3.37041E+01
205,2.37218E-02,  3.37717E+01
206,2.37476E-02,  3.38412E+01
207,2.37734E-02,  3.39156E+01
208,2.37992E-02,  3.39903E+01
209,2.38250E-02,  3.40618E+01
210,2.38508E-02,  3.41298E+01
211,2.38766E-02,  3.41997E+01
212,2.39023E-02,  3.42746E+01
213,2.39281E-02,  3.43498E+01
214,2.39539E-02,  3.44217E+01
215,2.39797E-02,  3.44901E+01
216,2.40055E-02,  3.45605E+01
217,2.40313E-02,  3.46359E+01
218,2.40571E-02,  3.47116E+01
219,2.40829E-02,  3.47840E+01
220,2.41086E-02,  3.48529E+01
221,2.41344E-02,  3.49238E+01
222,2.41602E-02,  3.49997E+01
223,2.41860E-02,  3.50759E+01
224,2.42118E-02,  3.51488E+01
225,2.42375E-02,  3.52181E+01
226,2.42633E-02,  3.52895E+01
227,2.42891E-02,  3.53660E+01
228,2.43149E-02,  3.54427E+01
229,2.43407E-02,  3.55161E+01
230,2.43664E-02,  3.55860E+01
231,2.43922E-02,  3.56579E+01
232,2.44180E-02,  3.57349E+01
233,2.44438E-02,  3.58122E+01
234,2.44695E-02,  3.58861E+01
235,2.44953E-02,  3.59565E+01
236,2.45211E-02,  3.60289E+01
237,2.45468E-02,  3.61065E+01
238,2.45726E-02,  3.61844E+01
239,2.45984E-02,  3.62589E+01
240,2.46241E-02,  3.63298E+01
241,2.46499E-02,  3.64028E+01
242,2.46757E-02,  3.64809E+01
243,2.47014E-02,  3.65594E+01
244,2.47272E-02,  3.66345E+01
245,2.47530E-02,  3.67059E+01
246,2.47787E-02,  3.67794E+01
247,2.48045E-02,  3.68582E+01
248,2.48302E-02,  3.69373E+01
249,2.48560E-02,  3.70129E+01
250,2.48818E-02,  3.70849E+01
251,2.49075E-02,  3.71591E+01
252,2.49333E-02,  3.72384E+01
253,2.49590E-02,  3.73182E+01
254,2.49848E-02,  3.73944E+01
255,2.50105E-02,  3.74670E+01
256,2.50363E-02,  3.75417E+01
257,2.50620E-02,  3.76217E+01
258,2.50878E-02,  3.77021E+01
259,2.51135E-02,  3.77789E+01
260,2.51393E-02,  3.78520E+01
261,2.51651E-02,  3.79274E+01
262,2.51908E-02,  3.80080E+01
263,2.52165E-02,  3.80891E+01
264,2.52423E-02,  3.81665E+01
265,2.52680E-02,  3.82402E+01
266,2.52938E-02,  3.83162E+01
267,2.53195E-02,  3.83975E+01
268,2.53453E-02,  3.84792E+01
269,2.53710E-02,  3.85573E+01
270,2.53967E-02,  3.86316E+01
271,2.54225E-02,  3.87082E+01
272,2.54482E-02,  3.87902E+01
273,2.54740E-02,  3.88726E+01
274,2.54997E-02,  3.89513E+01
275,2.55254E-02,  3.90263E+01
276,2.55512E-02,  3.91035E+01
277,2.55769E-02,  3.91862E+01
278,2.56026E-02,  3.92693E+01
279,2.56284E-02,  3.93487E+01
280,2.56541E-02,  3.94243E+01
281,2.56798E-02,  3.95021E+01
282,2.57056E-02,  3.95855E+01
283,2.57313E-02,  3.96693E+01
284,2.57570E-02,  3.97493E+01
285,2.57828E-02,  3.98256E+01
286,2.58085E-02,  3.99041E+01
287,2.58342E-02,  3.99882E+01
288,2.58599E-02,  4.00727E+01
289,2.58857E-02,  4.01534E+01
290,2.59114E-02,  4.02303E+01
291,2.59371E-02,  4.03096E+01
292,2.59628E-02,  4.03944E+01
293,2.59885E-02,  4.04796E+01
294,2.60143E-02,  4.05610E+01
295,2.60400E-02,  4.06386E+01
296,2.60657E-02,  4.07185E+01
297,2.60914E-02,  4.08041E+01
298,2.61171E-02,  4.08899E+01
299,2.61428E-02,  4.09721E+01
300,2.61686E-02,  4.10503E+01
301,2.61943E-02,  4.11310E+01
302,2.62200E-02,  4.12173E+01
303,2.62457E-02,  4.13039E+01
304,2.62714E-02,  4.13867E+01
305,2.62971E-02,  4.14657E+01
306,2.63228E-02,  4.15470E+01
307,2.63485E-02,  4.16341E+01
308,2.63742E-02,  4.17214E+01
309,2.63999E-02,  4.18050E+01
310,2.64256E-02,  4.18847E+01
311,2.64514E-02,  4.19667E+01
312,2.64771E-02,  4.20545E+01
313,2.65028E-02,  4.21427E+01
314,2.65285E-02,  4.22270E+01
315,2.65542E-02,  4.23073E+01
316,2.65799E-02,  4.23901E+01
317,2.66056E-02,  4.24787E+01
318,2.66313E-02,  4.25676E+01
319,2.66569E-02,  4.26527E+01
320,2.66826E-02,  4.27337E+01
321,2.67083E-02,  4.28173E+01
322,2.67340E-02,  4.29066E+01
323,2.67597E-02,  4.29963E+01
324,2.67854E-02,  4.30821E+01
325,2.68111E-02,  4.31639E+01
326,2.68368E-02,  4.32482E+01
327,2.68625E-02,  4.33383E+01
328,2.68882E-02,  4.34288E+01
329,2.69139E-02,  4.35154E+01
330,2.69395E-02,  4.35979E+01
331,2.69652E-02,  4.36829E+01
332,2.69909E-02,  4.37739E+01
333,2.70166E-02,  4.38651E+01
334,2.70423E-02,  4.39525E+01
335,2.70680E-02,  4.40358E+01
336,2.70936E-02,  4.41216E+01
337,2.71193E-02,  4.42133E+01
338,2.71450E-02,  4.43054E+01
339,2.71707E-02,  4.43935E+01
340,2.71963E-02,  4.44776E+01
341,2.72220E-02,  4.45642E+01
342,2.72477E-02,  4.46567E+01
343,2.72734E-02,  4.47496E+01
344,2.72990E-02,  4.48385E+01
345,2.73247E-02,  4.49233E+01
346,2.73504E-02,  4.50107E+01
347,2.73760E-02,  4.51041E+01
348,2.74017E-02,  4.51978E+01
349,2.74274E-02,  4.52875E+01
350,2.74530E-02,  4.53731E+01
351,2.74787E-02,  4.54613E+01
352,2.75044E-02,  4.55555E+01
353,2.75300E-02,  4.56500E+01
354,2.75557E-02,  4.57406E+01
355,2.75814E-02,  4.58269E+01
356,2.76070E-02,  4.59159E+01
357,2.76327E-02,  4.60110E+01
358,2.76583E-02,  4.61063E+01
359,2.76840E-02,  4.61977E+01
360,2.77097E-02,  4.62849E+01
361,2.77353E-02,  4.63747E+01
362,2.77610E-02,  4.64706E+01
363,2.77866E-02,  4.65668E+01
364,2.78123E-02,  4.66590E+01
365,2.78379E-02,  4.67470E+01
366,2.78636E-02,  4.68376E+01
367,2.78892E-02,  4.69344E+01
368,2.79149E-02,  4.70314E+01
369,2.79405E-02,  4.71244E+01
370,2.79662E-02,  4.72132E+01
371,2.79918E-02,  4.73047E+01
372,2.80174E-02,  4.74023E+01
373,2.80431E-02,  4.75003E+01
374,2.80687E-02,  4.75941E+01
375,2.80944E-02,  4.76837E+01
376,2.81200E-02,  4.77761E+01
377,2.81457E-02,  4.78746E+01
378,2.81713E-02,  4.79734E+01
379,2.81969E-02,  4.80681E+01
380,2.82226E-02,  4.81586E+01
381,2.82482E-02,  4.82517E+01
382,2.82738E-02,  4.83511E+01
383,2.82995E-02,  4.84508E+01
384,2.83251E-02,  4.85464E+01
385,2.83507E-02,  4.86377E+01
386,2.83764E-02,  4.87317E+01
387,2.84020E-02,  4.88320E+01
388,2.84276E-02,  4.89326E+01
389,2.84532E-02,  4.90291E+01
390,2.84789E-02,  4.91212E+01
391,2.85045E-02,  4.92161E+01
392,2.85301E-02,  4.93173E+01
393,2.85557E-02,  4.94188E+01
394,2.85814E-02,  4.95161E+01
395,2.86070E-02,  4.96091E+01
396,2.86326E-02,  4.97049E+01
397,2.86582E-02,  4.98070E+01
398,2.86838E-02,  4.99094E+01
399,2.87095E-02,  5.00077E+01
400,2.87351E-02,  5.01015E+01
401,2.87607E-02,  5.01982E+01
402,2.87863E-02,  5.03013E+01
403,2.88119E-02,  5.04046E+01
404,2.88375E-02,  5.05037E+01
405,2.88631E-02,  5.05985E+01
406,2.88888E-02,  5.06961E+01
407,2.89144E-02,  5.08000E+01
408,2.89400E-02,  5.09043E+01
409,2.89656E-02,  5.10043E+01
410,2.89912E-02,  5.11000E+01
411,2.90168E-02,  5.11985E+01
412,2.90424E-02,  5.13034E+01
413,2.90680E-02,  5.14086E+01
414,2.90936E-02,  5.15096E+01
415,2.91192E-02,  5.16061E+01
416,2.91448E-02,  5.17055E+01
417,2.91704E-02,  5.18114E+01
418,2.91960E-02,  5.19175E+01
419,2.92216E-02,  5.20195E+01
420,2.92472E-02,  5.21170E+01
421,2.92728E-02,  5.22173E+01
422,2.92984E-02,  5.23241E+01
423,2.93240E-02,  5.24312E+01
424,2.93495E-02,  5.25341E+01
425,2.93751E-02,  5.26325E+01
426,2.94007E-02,  5.27338E+01
427,2.94263E-02,  5.28416E+01
428,2.94519E-02,  5.29497E+01
429,2.94775E-02,  5.30535E+01
430,2.95031E-02,  5.31529E+01
431,2.95287E-02,  5.32552E+01
432,2.95542E-02,  5.33640E+01
433,2.95798E-02,  5.34730E+01
434,2.96054E-02,  5.35778E+01
435,2.96310E-02,  5.36782E+01
436,2.96566E-02,  5.37814E+01
437,2.96821E-02,  5.38912E+01
438,2.97077E-02,  5.40013E+01
439,2.97333E-02,  5.41071E+01
440,2.97589E-02,  5.42084E+01
441,2.97844E-02,  5.43127E+01
442,2.98100E-02,  5.44235E+01
443,2.98356E-02,  5.45347E+01
444,2.98611E-02,  5.46415E+01
445,2.98867E-02,  5.47438E+01
446,2.99123E-02,  5.48491E+01
447,2.99379E-02,  5.49611E+01
448,2.99634E-02,  5.50733E+01
449,2.99890E-02,  5.51812E+01
450,3.00145E-02,  5.52846E+01
451,3.00401E-02,  5.53910E+01
452,3.00657E-02,  5.55041E+01
453,3.00912E-02,  5.56175E+01
454,3.01168E-02,  5.57266E+01
455,3.01424E-02,  5.58311E+01
456,3.01679E-02,  5.59386E+01
457,3.01935E-02,  5.60525E+01
458,3.02190E-02,  5.61664E+01
459,3.02446E-02,  5.62757E+01
460,3.02701E-02,  5.63809E+01
461,3.02957E-02,  5.64918E+01
462,3.03212E-02,  5.66082E+01
463,3.03468E-02,  5.67218E+01
464,3.03723E-02,  5.68310E+01
465,3.03979E-02,  5.69357E+01
466,3.04234E-02,  5.70433E+01
467,3.04490E-02,  5.71577E+01
468,3.04745E-02,  5.72724E+01
469,3.05001E-02,  5.73829E+01
470,3.05256E-02,  5.74890E+01
471,3.05512E-02,  5.75982E+01
472,3.05767E-02,  5.77142E+01
473,3.06022E-02,  5.78305E+01
474,3.06278E-02,  5.79425E+01
475,3.06533E-02,  5.80500E+01
476,3.06788E-02,  5.81607E+01
477,3.07044E-02,  5.82780E+01
478,3.07299E-02,  5.83956E+01
479,3.07555E-02,  5.85089E+01
480,3.07810E-02,  5.86177E+01
481,3.08065E-02,  5.87296E+01
482,3.08320E-02,  5.88481E+01
483,3.08576E-02,  5.89669E+01
484,3.08831E-02,  5.90814E+01
485,3.09086E-02,  5.91914E+01
486,3.09342E-02,  5.93044E+01
487,3.09597E-02,  5.94240E+01
488,3.09852E-02,  5.95439E+01
489,3.10107E-02,  5.96595E+01
490,3.10363E-02,  5.97706E+01
491,3.10618E-02,  5.98847E+01
492,3.10873E-02,  6.00054E+01
493,3.11128E-02,  6.01264E+01
494,3.11383E-02,  6.02430E+01
495,3.11638E-02,  6.03552E+01
496,3.11894E-02,  6.04703E+01
497,3.12149E-02,  6.05921E+01
498,3.12404E-02,  6.07140E+01
499,3.12659E-02,  6.08317E+01
500,3.12914E-02,  6.09449E+01
501,3.13169E-02,  6.10611E+01
502,3.13424E-02,  6.11839E+01
503,3.13679E-02,  6.13069E+01
504,3.13935E-02,  6.14256E+01
505,3.14190E-02,  6.15398E+01
506,3.14445E-02,  6.16571E+01
507,3.14700E-02,  6.17809E+01
508,3.14955E-02,  6.19049E+01
509,3.15210E-02,  6.20247E+01
510,3.15465E-02,  6.21399E+01
511,3.15720E-02,  6.22582E+01
512,3.15975E-02,  6.23830E+01
513,3.16230E-02,  6.25080E+01
514,3.16485E-02,  6.26288E+01
515,3.16740E-02,  6.27451E+01
516,3.16995E-02,  6.28644E+01
517,3.17250E-02,  6.29903E+01
518,3.17504E-02,  6.31163E+01
519,3.17759E-02,  6.32382E+01
520,3.18014E-02,  6.33555E+01
521,3.18269E-02,  6.34758E+01
522,3.18524E-02,  6.36027E+01
523,3.18779E-02,  6.37298E+01
524,3.19034E-02,  6.38527E+01
525,3.19289E-02,  6.39711E+01
526,3.19544E-02,  6.40925E+01
527,3.19798E-02,  6.42204E+01
528,3.20053E-02,  6.43485E+01
529,3.20308E-02,  6.44724E+01
530,3.20563E-02,  6.45919E+01
531,3.20818E-02,  6.47143E+01
532,3.21072E-02,  6.48433E+01
533,3.21327E-02,  6.49724E+01
534,3.21582E-02,  6.50974E+01
535,3.21837E-02,  6.52179E+01
536,3.22091E-02,  6.53415E+01
537,3.22346E-02,  6.54714E+01
538,3.22601E-02,  6.56016E+01
539,3.22856E-02,  6.57277E+01
540,3.23110E-02,  6.58493E+01
541,3.23365E-02,  6.59739E+01
542,3.23620E-02,  6.61049E+01
543,3.23874E-02,  6.62362E+01
544,3.24129E-02,  6.63632E+01
545,3.24384E-02,  6.64860E+01
546,3.24638E-02,  6.66116E+01
547,3.24893E-02,  6.67437E+01
548,3.25148E-02,  6.68760E+01
549,3.25402E-02,  6.70042E+01
550,3.25657E-02,  6.71280E+01
551,3.25911E-02,  6.72547E+01
552,3.26166E-02,  6.73879E+01
553,3.26420E-02,  6.75212E+01
554,3.26675E-02,  6.76505E+01
555,3.26930E-02,  6.77754E+01
556,3.27184E-02,  6.79033E+01
557,3.27439E-02,  6.80375E+01
558,3.27693E-02,  6.81719E+01
559,3.27948E-02,  6.83022E+01
560,3.28202E-02,  6.84283E+01
561,3.28457E-02,  6.85572E+01
562,3.28711E-02,  6.86925E+01
563,3.28966E-02,  6.88279E+01
564,3.29220E-02,  6.89594E+01
565,3.29474E-02,  6.90865E+01
566,3.29729E-02,  6.92166E+01
567,3.29983E-02,  6.93529E+01
568,3.30238E-02,  6.94895E+01
569,3.30492E-02,  6.96220E+01
570,3.30747E-02,  6.97503E+01
571,3.31001E-02,  6.98815E+01
572,3.31255E-02,  7.00189E+01
573,3.31510E-02,  7.01565E+01
574,3.31764E-02,  7.02901E+01
575,3.32018E-02,  7.04196E+01
576,3.32273E-02,  7.05519E+01
577,3.32527E-02,  7.06903E+01
578,3.32781E-02,  7.08290E+01
579,3.33036E-02,  7.09638E+01
580,3.33290E-02,  7.10944E+01
581,3.33544E-02,  7.12278E+01
582,3.33799E-02,  7.13673E+01
583,3.34053E-02,  7.15071E+01
584,3.34307E-02,  7.16430E+01
585,3.34561E-02,  7.17747E+01
586,3.34816E-02,  7.19093E+01
587,3.35070E-02,  7.20499E+01
588,3.35324E-02,  7.21907E+01
589,3.35578E-02,  7.23277E+01
590,3.35832E-02,  7.24607E+01
591,3.36087E-02,  7.25964E+01
592,3.36341E-02,  7.27381E+01
593,3.36595E-02,  7.28800E+01
594,3.36849E-02,  7.30181E+01
595,3.37103E-02,  7.31522E+01
596,3.37357E-02,  7.32890E+01
597,3.37611E-02,  7.34318E+01
598,3.37866E-02,  7.35748E+01
599,3.38120E-02,  7.37141E+01
600,3.38374E-02,  7.38493E+01
601,3.38628E-02,  7.39874E+01
602,3.38882E-02,  7.41312E+01
603,3.39136E-02,  7.42753E+01
604,3.39390E-02,  7.44157E+01
605,3.39644E-02,  7.45521E+01
606,3.39898E-02,  7.46913E+01
607,3.40152E-02,  7.48362E+01
608,3.40406E-02,  7.49814E+01
609,3.40660E-02,  7.51229E+01
610,3.40914E-02,  7.52606E+01
611,3.41168E-02,  7.54009E+01
612,3.41422E-02,  7.55469E+01
613,3.41676E-02,  7.56932E+01
614,3.41930E-02,  7.58358E+01
615,3.42184E-02,  7.59747E+01
616,3.42438E-02,  7.61162E+01
617,3.42692E-02,  7.62633E+01
618,3.42946E-02,  7.64106E+01
619,3.43200E-02,  7.65544E+01
620,3.43454E-02,  7.66945E+01
621,3.43708E-02,  7.68372E+01
622,3.43961E-02,  7.69853E+01
623,3.44215E-02,  7.71337E+01
624,3.44469E-02,  7.72787E+01
625,3.44723E-02,  7.74200E+01
626,3.44977E-02,  7.75638E+01
627,3.45231E-02,  7.77131E+01
628,3.45484E-02,  7.78626E+01
629,3.45738E-02,  7.80087E+01
630,3.45992E-02,  7.81512E+01
631,3.46246E-02,  7.82962E+01
632,3.46500E-02,  7.84465E+01
633,3.46753E-02,  7.85971E+01
634,3.47007E-02,  7.87443E+01
635,3.47261E-02,  7.88881E+01
636,3.47515E-02,  7.90343E+01
637,3.47769E-02,  7.91857E+01
638,3.48022E-02,  7.93373E+01
639,3.48276E-02,  7.94857E+01
640,3.48530E-02,  7.96307E+01
641,3.48783E-02,  7.97781E+01
642,3.49037E-02,  7.99305E+01
643,3.49291E-02,  8.00832E+01
644,3.49544E-02,  8.02328E+01
645,3.49798E-02,  8.03790E+01
646,3.50052E-02,  8.05276E+01
647,3.50305E-02,  8.06811E+01
648,3.50559E-02,  8.08349E+01
649,3.50813E-02,  8.09856E+01
650,3.51066E-02,  8.11331E+01
651,3.51320E-02,  8.12828E+01
652,3.51574E-02,  8.14374E+01
653,3.51827E-02,  8.15922E+01
654,3.52081E-02,  8.17441E+01
655,3.52334E-02,  8.18928E+01
656,3.52588E-02,  8.20437E+01
657,3.52841E-02,  8.21994E+01
658,3.53095E-02,  8.23553E+01
659,3.53349E-02,  8.25083E+01
660,3.53602E-02,  8.26582E+01
661,3.53856E-02,  8.28104E+01
662,3.54109E-02,  8.29671E+01
663,3.54363E-02,  8.31240E+01
664,3.54616E-02,  8.32782E+01
665,3.54870E-02,  8.34294E+01
666,3.55123E-02,  8.35827E+01
667,3.55377E-02,  8.37405E+01
668,3.55630E-02,  8.38984E+01
669,3.55884E-02,  8.40537E+01
670,3.56137E-02,  8.42062E+01
671,3.56390E-02,  8.43607E+01
672,3.56644E-02,  8.45195E+01
673,3.56897E-02,  8.46785E+01
674,3.57151E-02,  8.48350E+01
675,3.57404E-02,  8.49887E+01
676,3.57657E-02,  8.51444E+01
677,3.57911E-02,  8.53042E+01
678,3.58164E-02,  8.54643E+01
679,3.58418E-02,  8.56219E+01
680,3.58671E-02,  8.57768E+01
681,3.58924E-02,  8.59337E+01
682,3.59178E-02,  8.60945E+01
683,3.59431E-02,  8.62556E+01
684,3.59684E-02,  8.64144E+01
685,3.59938E-02,  8.65706E+01
686,3.60191E-02,  8.67286E+01
687,3.60444E-02,  8.68905E+01
688,3.60698E-02,  8.70526E+01
689,3.60951E-02,  8.72125E+01
690,3.61204E-02,  8.73700E+01
691,3.61457E-02,  8.75292E+01
692,3.61711E-02,  8.76920E+01
693,3.61964E-02,  8.78551E+01
694,3.62217E-02,  8.80161E+01
695,3.62470E-02,  8.81749E+01
696,3.62724E-02,  8.83353E+01
697,3.62977E-02,  8.84991E+01
698,3.63230E-02,  8.86632E+01
699,3.63483E-02,  8.88253E+01
700,3.63736E-02,  8.89854E+01
701,3.63990E-02,  8.91469E+01
702,3.64243E-02,  8.93117E+01
703,3.64496E-02,  8.94768E+01
704,3.64749E-02,  8.96401E+01
705,3.65002E-02,  8.98013E+01
706,3.65255E-02,  8.99640E+01
707,3.65509E-02,  9.01298E+01
708,3.65762E-02,  9.02959E+01
709,3.66015E-02,  9.04602E+01
710,3.66268E-02,  9.06228E+01
711,3.66521E-02,  9.07866E+01
712,3.66774E-02,  9.09534E+01
713,3.67027E-02,  9.11204E+01
714,3.67280E-02,  9.12858E+01
715,3.67533E-02,  9.14496E+01
716,3.67786E-02,  9.16146E+01
717,3.68040E-02,  9.17823E+01
718,3.68293E-02,  9.19503E+01
719,3.68546E-02,  9.21168E+01
720,3.68799E-02,  9.22818E+01
721,3.69052E-02,  9.24480E+01
722,3.69305E-02,  9.26166E+01
723,3.69558E-02,  9.27855E+01
724,3.69811E-02,  9.29531E+01
725,3.70064E-02,  9.31194E+01
726,3.70317E-02,  9.32867E+01
727,3.70570E-02,  9.34562E+01
728,3.70823E-02,  9.36259E+01
729,3.71076E-02,  9.37946E+01
730,3.71329E-02,  9.39621E+01
731,3.71582E-02,  9.41306E+01
732,3.71835E-02,  9.43010E+01
733,3.72087E-02,  9.44716E+01
734,3.72340E-02,  9.46413E+01
735,3.72593E-02,  9.48101E+01
736,3.72846E-02,  9.49797E+01
737,3.73099E-02,  9.51509E+01
738,3.73352E-02,  9.53224E+01
739,3.73605E-02,  9.54932E+01
740,3.73858E-02,  9.56632E+01
741,3.74111E-02,  9.58339E+01
742,3.74364E-02,  9.60060E+01
743,3.74617E-02,  9.61783E+01
744,3.74869E-02,  9.63501E+01
745,3.75122E-02,  9.65213E+01
746,3.75375E-02,  9.66931E+01
747,3.75628E-02,  9.68660E+01
748,3.75881E-02,  9.70392E+01
749,3.76134E-02,  9.72120E+01
750,3.76386E-02,  9.73845E+01
751,3.76639E-02,  9.75573E+01
752,3.76892E-02,  9.77310E+01
753,3.77145E-02,  9.79050E+01
754,3.77398E-02,  9.80788E+01
755,3.77650E-02,  9.82524E+01
756,3.77903E-02,  9.84264E+01
757,3.78156E-02,  9.86009E+01
758,3.78409E-02,  9.87756E+01
759,3.78662E-02,  9.89504E+01
760,3.78914E-02,  9.91252E+01
761,3.79167E-02,  9.93002E+01
762,3.79420E-02,  9.94755E+01
763,3.79673E-02,  9.96510E+01
764,3.79925E-02,  9.98267E+01
765,3.80178E-02,  1.00003E+02
766,3.80431E-02,  1.00179E+02
767,3.80683E-02,  1.00355E+02
768,3.80936E-02,  1.00531E+02
769,3.81189E-02,  1.00708E+02
770,3.81442E-02,  1.00885E+02
771,3.81694E-02,  1.01062E+02
772,3.81947E-02,  1.01239E+02
773,3.82200E-02,  1.01415E+02
774,3.82452E-02,  1.01593E+02
775,3.82705E-02,  1.01771E+02
776,3.82958E-02,  1.01949E+02
777,3.83210E-02,  1.02127E+02
778,3.83463E-02,  1.02304E+02
779,3.83715E-02,  1.02483E+02
780,3.83968E-02,  1.02662E+02
781,3.84221E-02,  1.02841E+02
782,3.84473E-02,  1.03019E+02
783,3.84726E-02,  1.03197E+02
784,3.84979E-02,  1.03377E+02
785,3.85231E-02,  1.03557E+02
786,3.85484E-02,  1.03737E+02
787,3.85736E-02,  1.03916E+02
788,3.85989E-02,  1.04095E+02
789,3.86242E-02,  1.04275E+02
790,3.86494E-02,  1.04457E+02
791,3.86747E-02,  1.04638E+02
792,3.86999E-02,  1.04817E+02
793,3.87252E-02,  1.04996E+02
794,3.87504E-02,  1.05177E+02
795,3.87757E-02,  1.05360E+02
796,3.88009E-02,  1.05542E+02
797,3.88262E-02,  1.05722E+02
798,3.88514E-02,  1.05901E+02
799,3.88767E-02,  1.06083E+02
800,3.89020E-02,  1.06267E+02
801,3.89272E-02,  1.06450E+02
802,3.89525E-02,  1.06630E+02
803,3.89777E-02,  1.06810E+02
804,3.90030E-02,  1.06993E+02
805,3.90282E-02,  1.07178E+02
806,3.90535E-02,  1.07362E+02
807,3.90787E-02,  1.07542E+02
808,3.91039E-02,  1.07723E+02
809,3.91292E-02,  1.07906E+02
810,3.91544E-02,  1.08092E+02
811,3.91797E-02,  1.08277E+02
812,3.92049E-02,  1.08458E+02
813,3.92302E-02,  1.08639E+02
814,3.92554E-02,  1.08823E+02
815,3.92807E-02,  1.09010E+02
816,3.93059E-02,  1.09195E+02
817,3.93312E-02,  1.09377E+02
818,3.93564E-02,  1.09558E+02
819,3.93816E-02,  1.09743E+02
820,3.94069E-02,  1.09931E+02
821,3.94321E-02,  1.10117E+02
822,3.94574E-02,  1.10299E+02
823,3.94826E-02,  1.10481E+02
824,3.95078E-02,  1.10666E+02
825,3.95331E-02,  1.10855E+02
826,3.95583E-02,  1.11042E+02
827,3.95836E-02,  1.11224E+02
828,3.96088E-02,  1.11406E+02
829,3.96340E-02,  1.11592E+02
830,3.96593E-02,  1.11782E+02
831,3.96845E-02,  1.11970E+02
832,3.97098E-02,  1.12152E+02
833,3.97350E-02,  1.12334E+02
834,3.97602E-02,  1.12521E+02
835,3.97855E-02,  1.12712E+02
836,3.98107E-02,  1.12900E+02
837,3.98359E-02,  1.13083E+02
838,3.98612E-02,  1.13265E+02
839,3.98864E-02,  1.13452E+02
840,3.99116E-02,  1.13644E+02
841,3.99369E-02,  1.13833E+02
842,3.99621E-02,  1.14016E+02
843,3.99873E-02,  1.14199E+02
844,4.00126E-02,  1.14386E+02
845,4.00378E-02,  1.14579E+02
846,4.00630E-02,  1.14769E+02
847,4.00882E-02,  1.14951E+02
848,4.01135E-02,  1.15135E+02
849,4.01387E-02,  1.15323E+02
850,4.01639E-02,  1.15516E+02
851,4.01892E-02,  1.15707E+02
852,4.02144E-02,  1.15890E+02
853,4.02396E-02,  1.16073E+02
854,4.02648E-02,  1.16262E+02
855,4.02901E-02,  1.16456E+02
856,4.03153E-02,  1.16648E+02
857,4.03405E-02,  1.16832E+02
858,4.03658E-02,  1.17016E+02
859,4.03910E-02,  1.17206E+02
860,4.04162E-02,  1.17402E+02
861,4.04414E-02,  1.17591E+02
862,4.04667E-02,  1.17775E+02
863,4.04919E-02,  1.17964E+02
864,4.05171E-02,  1.18158E+02
865,4.05423E-02,  1.18358E+02
866,4.05676E-02,  1.18553E+02
867,4.05928E-02,  1.18740E+02
868,4.06180E-02,  1.18926E+02
869,4.06432E-02,  1.19118E+02
870,4.06684E-02,  1.19317E+02
871,4.06937E-02,  1.19512E+02
872,4.07189E-02,  1.19697E+02
873,4.07441E-02,  1.19881E+02
874,4.07693E-02,  1.20072E+02
875,4.07946E-02,  1.20271E+02
876,4.08198E-02,  1.20465E+02
877,4.08450E-02,  1.20649E+02
878,4.08702E-02,  1.20832E+02
879,4.08954E-02,  1.21023E+02
880,4.09207E-02,  1.21221E+02
881,4.09459E-02,  1.21415E+02
882,4.09711E-02,  1.21597E+02
883,4.09963E-02,  1.21780E+02
884,4.10215E-02,  1.21970E+02
885,4.10468E-02,  1.22169E+02
886,4.10720E-02,  1.22362E+02
887,4.10972E-02,  1.22544E+02
888,4.11224E-02,  1.22725E+02
889,4.11476E-02,  1.22915E+02
890,4.11728E-02,  1.23114E+02
891,4.11981E-02,  1.23307E+02
892,4.12233E-02,  1.23488E+02
893,4.12485E-02,  1.23668E+02
894,4.12737E-02,  1.23858E+02
895,4.12989E-02,  1.24057E+02
896,4.13241E-02,  1.24250E+02
897,4.13494E-02,  1.24430E+02
898,4.13746E-02,  1.24610E+02
899,4.13998E-02,  1.24799E+02
900,4.14250E-02,  1.24998E+02
901,4.14502E-02,  1.25191E+02
902,4.14754E-02,  1.25371E+02
903,4.15006E-02,  1.25550E+02
904,4.15259E-02,  1.25738E+02
905,4.15511E-02,  1.25938E+02
906,4.15763E-02,  1.26131E+02
907,4.16015E-02,  1.26309E+02
908,4.16267E-02,  1.26487E+02
909,4.16519E-02,  1.26676E+02
910,4.16771E-02,  1.26875E+02
911,4.17023E-02,  1.27068E+02
912,4.17276E-02,  1.27245E+02
913,4.17528E-02,  1.27423E+02
914,4.17780E-02,  1.27610E+02
915,4.18032E-02,  1.27810E+02
916,4.18284E-02,  1.28003E+02
917,4.18536E-02,  1.28179E+02
918,4.18788E-02,  1.28355E+02
919,4.19040E-02,  1.28543E+02
920,4.19293E-02,  1.28743E+02
921,4.19545E-02,  1.28935E+02
922,4.19797E-02,  1.29111E+02
923,4.20049E-02,  1.29286E+02
924,4.20301E-02,  1.29473E+02
925,4.20553E-02,  1.29672E+02
926,4.20805E-02,  1.29865E+02
927,4.21057E-02,  1.30039E+02
928,4.21309E-02,  1.30213E+02
929,4.21562E-02,  1.30399E+02
930,4.21814E-02,  1.30599E+02
931,4.22066E-02,  1.30791E+02
932,4.22318E-02,  1.30964E+02
933,4.22570E-02,  1.31136E+02
934,4.22822E-02,  1.31322E+02
935,4.23074E-02,  1.31521E+02
936,4.23326E-02,  1.31713E+02
937,4.23578E-02,  1.31885E+02
938,4.23830E-02,  1.32056E+02
939,4.24082E-02,  1.32240E+02
940,4.24335E-02,  1.32440E+02
941,4.24587E-02,  1.32631E+02
942,4.24839E-02,  1.32801E+02
943,4.25091E-02,  1.32971E+02
944,4.25343E-02,  1.33155E+02
945,4.25595E-02,  1.33354E+02
946,4.25847E-02,  1.33544E+02
947,4.26099E-02,  1.33713E+02
948,4.26351E-02,  1.33881E+02
949,4.26603E-02,  1.34064E+02
950,4.26855E-02,  1.34263E+02
951,4.27108E-02,  1.34453E+02
952,4.27360E-02,  1.34620E+02
953,4.27612E-02,  1.34786E+02
954,4.27864E-02,  1.34968E+02
955,4.28116E-02,  1.35166E+02
956,4.28368E-02,  1.35355E+02
957,4.28620E-02,  1.35521E+02
958,4.28872E-02,  1.35685E+02
959,4.29124E-02,  1.35866E+02
960,4.29376E-02,  1.36063E+02
961,4.29628E-02,  1.36251E+02
962,4.29880E-02,  1.36415E+02
963,4.30133E-02,  1.36578E+02
964,4.30385E-02,  1.36757E+02
965,4.30637E-02,  1.36954E+02
966,4.30889E-02,  1.37141E+02
967,4.31141E-02,  1.37303E+02
968,4.31393E-02,  1.37463E+02
969,4.31645E-02,  1.37641E+02
970,4.31897E-02,  1.37837E+02
971,4.32149E-02,  1.38023E+02
972,4.32401E-02,  1.38183E+02
973,4.32653E-02,  1.38341E+02
974,4.32905E-02,  1.38517E+02
975,4.33158E-02,  1.38713E+02
976,4.33410E-02,  1.38898E+02
977,4.33662E-02,  1.39055E+02
978,4.33914E-02,  1.39211E+02
979,4.34166E-02,  1.39385E+02
980,4.34418E-02,  1.39580E+02
981,4.34670E-02,  1.39764E+02
982,4.34922E-02,  1.39919E+02
983,4.35174E-02,  1.40072E+02
984,4.35426E-02,  1.40245E+02
985,4.35678E-02,  1.40438E+02
986,4.35930E-02,  1.40620E+02
987,4.36183E-02,  1.40773E+02
988,4.36435E-02,  1.40923E+02
989,4.36687E-02,  1.41094E+02
990,4.36939E-02,  1.41287E+02
991,4.37191E-02,  1.41467E+02
992,4.37443E-02,  1.41617E+02
993,4.37695E-02,  1.41765E+02
994,4.37947E-02,  1.41934E+02
995,4.38199E-02,  1.42125E+02
996,4.38451E-02,  1.42304E+02
997,4.38703E-02,  1.42451E+02
998,4.38956E-02,  1.42596E+02
999,4.39208E-02,  1.42762E+02
1000,4.39460E-02,  1.42952E+02
1001,4.39712E-02,  1.43129E+02
1002,4.39964E-02,  1.43273E+02
1003,4.40216E-02,  1.43415E+02
1004,4.40468E-02,  1.43579E+02
1005,4.40720E-02,  1.43767E+02
1006,4.40972E-02,  1.43942E+02
1007,4.41224E-02,  1.44083E+02
1008,4.41477E-02,  1.44222E+02
1009,4.41729E-02,  1.44383E+02
1010,4.41981E-02,  1.44570E+02
1011,4.42233E-02,  1.44743E+02
1012,4.42485E-02,  1.44881E+02
1013,4.42737E-02,  1.45016E+02
1014,4.42989E-02,  1.45175E+02
1015,4.43241E-02,  1.45359E+02
1016,4.43493E-02,  1.45531E+02
1017,4.43746E-02,  1.45665E+02
1018,4.43998E-02,  1.45797E+02
1019,4.44250E-02,  1.45953E+02
1020,4.44502E-02,  1.46135E+02
1021,4.44754E-02,  1.46304E+02
1022,4.45006E-02,  1.46435E+02
1023,4.45258E-02,  1.46563E+02
1024,4.45510E-02,  1.46716E+02
1025,4.45762E-02,  1.46896E+02
1026,4.46015E-02,  1.47063E+02
1027,4.46267E-02,  1.47190E+02
1028,4.46519E-02,  1.47314E+02
1029,4.46771E-02,  1.47464E+02
1030,4.47023E-02,  1.47642E+02
1031,4.47275E-02,  1.47806E+02
1032,4.47527E-02,  1.47929E+02
1033,4.47779E-02,  1.48049E+02
1034,4.48032E-02,  1.48196E+02
1035,4.48284E-02,  1.48372E+02
1036,4.48536E-02,  1.48533E+02
1037,4.48788E-02,  1.48652E+02
1038,4.49040E-02,  1.48768E+02
1039,4.49292E-02,  1.48911E+02
1040,4.49544E-02,  1.49084E+02
1041,4.49797E-02,  1.49242E+02
1042,4.50049E-02,  1.49358E+02
1043,4.50301E-02,  1.49469E+02
1044,4.50553E-02,  1.49609E+02
1045,4.50805E-02,  1.49779E+02
1046,4.51057E-02,  1.49934E+02
1047,4.51309E-02,  1.50045E+02
1048,4.51562E-02,  1.50152E+02
1049,4.51814E-02,  1.50288E+02
1050,4.52066E-02,  1.50455E+02
1051,4.52318E-02,  1.50607E+02
1052,4.52570E-02,  1.50714E+02
1053,4.52822E-02,  1.50816E+02
1054,4.53075E-02,  1.50948E+02
1055,4.53327E-02,  1.51112E+02
1056,4.53579E-02,  1.51260E+02
1057,4.53831E-02,  1.51362E+02
1058,4.54083E-02,  1.51460E+02
1059,4.54335E-02,  1.51587E+02
1060,4.54588E-02,  1.51749E+02
1061,4.54840E-02,  1.51893E+02
1062,4.55092E-02,  1.51991E+02
1063,4.55344E-02,  1.52083E+02
1064,4.55596E-02,  1.52206E+02
1065,4.55849E-02,  1.52364E+02
1066,4.56101E-02,  1.52505E+02
1067,4.56353E-02,  1.52597E+02
1068,4.56605E-02,  1.52684E+02
1069,4.56857E-02,  1.52803E+02
1070,4.57109E-02,  1.52957E+02
1071,4.57362E-02,  1.53095E+02
1072,4.57614E-02,  1.53182E+02
1073,4.57866E-02,  1.53263E+02
1074,4.58118E-02,  1.53378E+02
1075,4.58370E-02,  1.53528E+02
1076,4.58623E-02,  1.53661E+02
1077,4.58875E-02,  1.53743E+02
1078,4.59127E-02,  1.53819E+02
1079,4.59379E-02,  1.53928E+02
1080,4.59631E-02,  1.54075E+02
1081,4.59884E-02,  1.54204E+02
1082,4.60136E-02,  1.54280E+02
1083,4.60388E-02,  1.54350E+02
1084,4.60640E-02,  1.54455E+02
1085,4.60893E-02,  1.54597E+02
1086,4.61145E-02,  1.54722E+02
1087,4.61397E-02,  1.54793E+02
1088,4.61649E-02,  1.54857E+02
1089,4.61901E-02,  1.54956E+02
1090,4.62154E-02,  1.55094E+02
1091,4.62406E-02,  1.55214E+02
1092,4.62658E-02,  1.55279E+02
1093,4.62910E-02,  1.55337E+02
1094,4.63163E-02,  1.55431E+02
1095,4.63415E-02,  1.55565E+02
1096,4.63667E-02,  1.55680E+02
1097,4.63919E-02,  1.55739E+02
1098,4.64171E-02,  1.55791E+02
1099,4.64424E-02,  1.55879E+02
1100,4.64676E-02,  1.56008E+02
1101,4.64928E-02,  1.56119E+02
1102,4.65180E-02,  1.56171E+02
1103,4.65433E-02,  1.56216E+02
1104,4.65685E-02,  1.56299E+02
1105,4.65937E-02,  1.56423E+02
1106,4.66189E-02,  1.56529E+02
1107,4.66442E-02,  1.56575E+02
1108,4.66694E-02,  1.56613E+02
1109,4.66946E-02,  1.56690E+02
1110,4.67198E-02,  1.56810E+02
1111,4.67451E-02,  1.56910E+02
1112,4.67703E-02,  1.56950E+02
1113,4.67955E-02,  1.56981E+02
1114,4.68208E-02,  1.57052E+02
1115,4.68460E-02,  1.57166E+02
1116,4.68712E-02,  1.57261E+02
1117,4.68964E-02,  1.57294E+02
1118,4.69217E-02,  1.57319E+02
1119,4.69469E-02,  1.57383E+02
1120,4.69721E-02,  1.57492E+02
1121,4.69973E-02,  1.57581E+02
1122,4.70226E-02,  1.57608E+02
1123,4.70478E-02,  1.57625E+02
1124,4.70730E-02,  1.57683E+02
1125,4.70982E-02,  1.57786E+02
1126,4.71235E-02,  1.57869E+02
1127,4.71487E-02,  1.57889E+02
1128,4.71739E-02,  1.57898E+02
1129,4.71992E-02,  1.57950E+02
1130,4.72244E-02,  1.58047E+02
1131,4.72496E-02,  1.58125E+02
1132,4.72748E-02,  1.58137E+02
1133,4.73001E-02,  1.58139E+02
1134,4.73253E-02,  1.58184E+02
1135,4.73505E-02,  1.58275E+02
1136,4.73758E-02,  1.58347E+02
1137,4.74010E-02,  1.58352E+02
1138,4.74262E-02,  1.58346E+02
1139,4.74515E-02,  1.58384E+02
1140,4.74767E-02,  1.58469E+02
1141,4.75019E-02,  1.58534E+02
1142,4.75271E-02,  1.58531E+02
1143,4.75524E-02,  1.58518E+02
1144,4.75776E-02,  1.58549E+02
1145,4.76028E-02,  1.58627E+02
1146,4.76281E-02,  1.58686E+02
1147,4.76533E-02,  1.58676E+02
1148,4.76785E-02,  1.58654E+02
1149,4.77038E-02,  1.58678E+02
1150,4.77290E-02,  1.58750E+02
1151,4.77542E-02,  1.58802E+02
1152,4.77794E-02,  1.58784E+02
1153,4.78047E-02,  1.58755E+02
1154,4.78299E-02,  1.58770E+02
1155,4.78551E-02,  1.58836E+02
1156,4.78804E-02,  1.58881E+02
1157,4.79056E-02,  1.58855E+02
1158,4.79308E-02,  1.58817E+02
1159,4.79561E-02,  1.58825E+02
1160,4.79813E-02,  1.58883E+02
1161,4.80065E-02,  1.58921E+02
1162,4.80318E-02,  1.58888E+02
1163,4.80570E-02,  1.58841E+02
1164,4.80822E-02,  1.58841E+02
1165,4.81074E-02,  1.58892E+02
1166,4.81327E-02,  1.58923E+02
1167,4.81579E-02,  1.58881E+02
1168,4.81831E-02,  1.58826E+02
1169,4.82084E-02,  1.58818E+02
1170,4.82336E-02,  1.58862E+02
1171,4.82588E-02,  1.58885E+02
1172,4.82841E-02,  1.58835E+02
1173,4.83093E-02,  1.58771E+02
1174,4.83345E-02,  1.58755E+02
1175,4.83598E-02,  1.58791E+02
1176,4.83850E-02,  1.58807E+02
1177,4.84102E-02,  1.58749E+02
1178,4.84355E-02,  1.58676E+02
1179,4.84607E-02,  1.58651E+02
1180,4.84859E-02,  1.58679E+02
1181,4.85111E-02,  1.58687E+02
1182,4.85364E-02,  1.58620E+02
1183,4.85616E-02,  1.58537E+02
1184,4.85868E-02,  1.58504E+02
1185,4.86121E-02,  1.58524E+02
1186,4.86373E-02,  1.58523E+02
1187,4.86625E-02,  1.58446E+02
1188,4.86878E-02,  1.58355E+02
1189,4.87130E-02,  1.58312E+02
1190,4.87382E-02,  1.58324E+02
1191,4.87635E-02,  1.58315E+02
1192,4.87887E-02,  1.58229E+02
1193,4.88139E-02,  1.58128E+02
1194,4.88391E-02,  1.58076E+02
1195,4.88644E-02,  1.58079E+02
1196,4.88896E-02,  1.58062E+02
1197,4.89148E-02,  1.57967E+02
1198,4.89401E-02,  1.57855E+02
1199,4.89653E-02,  1.57794E+02
1200,4.89905E-02,  1.57787E+02
1201,4.90158E-02,  1.57760E+02
1202,4.90410E-02,  1.57655E+02
1203,4.90662E-02,  1.57533E+02
1204,4.90914E-02,  1.57461E+02
1205,4.91167E-02,  1.57445E+02
1206,4.91419E-02,  1.57410E+02
1207,4.91671E-02,  1.57296E+02
1208,4.91924E-02,  1.57165E+02
1209,4.92176E-02,  1.57087E+02
1210,4.92428E-02,  1.57064E+02
1211,4.92680E-02,  1.57023E+02
1212,4.92933E-02,  1.56903E+02
1213,4.93185E-02,  1.56767E+02
1214,4.93437E-02,  1.56683E+02
1215,4.93690E-02,  1.56656E+02
1216,4.93942E-02,  1.56611E+02
1217,4.94194E-02,  1.56487E+02
1218,4.94446E-02,  1.56346E+02
1219,4.94699E-02,  1.56257E+02
1220,4.94951E-02,  1.56226E+02
1221,4.95203E-02,  1.56176E+02
1222,4.95455E-02,  1.56047E+02
1223,4.95708E-02,  1.55901E+02
1224,4.95960E-02,  1.55807E+02
1225,4.96212E-02,  1.55771E+02
1226,4.96464E-02,  1.55717E+02
1227,4.96717E-02,  1.55583E+02
1228,4.96969E-02,  1.55431E+02
1229,4.97221E-02,  1.55332E+02
1230,4.97473E-02,  1.55291E+02
1231,4.97726E-02,  1.55232E+02
1232,4.97978E-02,  1.55092E+02
1233,4.98230E-02,  1.54935E+02
1234,4.98482E-02,  1.54830E+02
1235,4.98735E-02,  1.54783E+02
1236,4.98987E-02,  1.54719E+02
1237,4.99239E-02,  1.54575E+02
1238,4.99491E-02,  1.54412E+02
1239,4.99743E-02,  1.54302E+02
1240,4.99996E-02,  1.54251E+02
1241,5.00248E-02,  1.54183E+02
1242,5.00500E-02,  1.54034E+02
1243,5.00752E-02,  1.53867E+02
1244,5.01004E-02,  1.53752E+02
1245,5.01257E-02,  1.53697E+02
1246,5.01509E-02,  1.53625E+02
1247,5.01761E-02,  1.53474E+02
1248,5.02013E-02,  1.53303E+02
1249,5.02265E-02,  1.53186E+02
1250,5.02517E-02,  1.53128E+02
1251,5.02770E-02,  1.53055E+02
1252,5.03022E-02,  1.52902E+02
1253,5.03274E-02,  1.52731E+02
1254,5.03526E-02,  1.52613E+02
1255,5.03778E-02,  1.52556E+02
1256,5.04030E-02,  1.52484E+02
1257,5.04283E-02,  1.52334E+02
1258,5.04535E-02,  1.52164E+02
1259,5.04787E-02,  1.52045E+02
1260,5.05039E-02,  1.51970E+02
1261,5.05291E-02,  1.51882E+02
1262,5.05543E-02,  1.51746E+02
1263,5.05795E-02,  1.51593E+02
1264,5.06047E-02,  1.51472E+02
1265,5.06299E-02,  1.51402E+02
1266,5.06552E-02,  1.51314E+02
1267,5.06804E-02,  1.51142E+02
1268,5.07056E-02,  1.50947E+02
1269,5.07308E-02,  1.50803E+02
1270,5.07560E-02,  1.50717E+02
1271,5.07812E-02,  1.50615E+02
1272,5.08064E-02,  1.50429E+02
1273,5.08316E-02,  1.50220E+02
1274,5.08568E-02,  1.50063E+02
1275,5.08820E-02,  1.49966E+02
1276,5.09072E-02,  1.49852E+02
1277,5.09324E-02,  1.49654E+02
1278,5.09576E-02,  1.49433E+02
1279,5.09828E-02,  1.49265E+02
1280,5.10080E-02,  1.49156E+02
1281,5.10332E-02,  1.49032E+02
1282,5.10584E-02,  1.48823E+02
1283,5.10836E-02,  1.48590E+02
1284,5.11088E-02,  1.48410E+02
1285,5.11340E-02,  1.48291E+02
1286,5.11592E-02,  1.48156E+02
1287,5.11844E-02,  1.47936E+02
1288,5.12096E-02,  1.47691E+02
1289,5.12348E-02,  1.47500E+02
1290,5.12600E-02,  1.47369E+02
1291,5.12852E-02,  1.47223E+02
1292,5.13104E-02,  1.46991E+02
1293,5.13356E-02,  1.46735E+02
1294,5.13608E-02,  1.46532E+02
1295,5.13860E-02,  1.46390E+02
1296,5.14112E-02,  1.46233E+02
1297,5.14363E-02,  1.45990E+02
1298,5.14615E-02,  1.45722E+02
1299,5.14867E-02,  1.45507E+02
1300,5.15119E-02,  1.45354E+02
1301,5.15371E-02,  1.45186E+02
1302,5.15623E-02,  1.44932E+02
1303,5.15875E-02,  1.44652E+02
1304,5.16126E-02,  1.44426E+02
1305,5.16378E-02,  1.44261E+02
1306,5.16630E-02,  1.44082E+02
1307,5.16882E-02,  1.43817E+02
1308,5.17134E-02,  1.43526E+02
1309,5.17385E-02,  1.43289E+02
1310,5.17637E-02,  1.43113E+02
1311,5.17889E-02,  1.42924E+02
1312,5.18141E-02,  1.42648E+02
1313,5.18393E-02,  1.42346E+02
1314,5.18644E-02,  1.42098E+02
1315,5.18896E-02,  1.41911E+02
1316,5.19148E-02,  1.41711E+02
1317,5.19399E-02,  1.41425E+02
1318,5.19651E-02,  1.41112E+02
1319,5.19903E-02,  1.40854E+02
1320,5.20155E-02,  1.40656E+02
1321,5.20406E-02,  1.40446E+02
1322,5.20658E-02,  1.40150E+02
1323,5.20910E-02,  1.39827E+02
1324,5.21161E-02,  1.39558E+02
1325,5.21413E-02,  1.39350E+02
1326,5.21665E-02,  1.39130E+02
1327,5.21916E-02,  1.38824E+02
1328,5.22168E-02,  1.38491E+02
1329,5.22419E-02,  1.38211E+02
1330,5.22671E-02,  1.37993E+02
1331,5.22923E-02,  1.37763E+02
1332,5.23174E-02,  1.37448E+02
1333,5.23426E-02,  1.37105E+02
1334,5.23677E-02,  1.36816E+02
1335,5.23929E-02,  1.36588E+02
1336,5.24180E-02,  1.36349E+02
1337,5.24432E-02,  1.36024E+02
1338,5.24683E-02,  1.35672E+02
1339,5.24935E-02,  1.35373E+02
1340,5.25186E-02,  1.35135E+02
1341,5.25438E-02,  1.34887E+02
1342,5.25689E-02,  1.34553E+02
1343,5.25941E-02,  1.34192E+02
1344,5.26192E-02,  1.33884E+02
1345,5.26443E-02,  1.33637E+02
1346,5.26695E-02,  1.33379E+02
1347,5.26946E-02,  1.33037E+02
1348,5.27198E-02,  1.32668E+02
1349,5.27449E-02,  1.32351E+02
1350,5.27700E-02,  1.32094E+02
1351,5.27952E-02,  1.31827E+02
1352,5.28203E-02,  1.31477E+02
1353,5.28454E-02,  1.31099E+02
1354,5.28706E-02,  1.30774E+02
1355,5.28957E-02,  1.30508E+02
1356,5.29208E-02,  1.30233E+02
1357,5.29459E-02,  1.29875E+02
1358,5.29711E-02,  1.29489E+02
1359,5.29962E-02,  1.29155E+02
1360,5.30213E-02,  1.28880E+02
1361,5.30464E-02,  1.28596E+02
1362,5.30716E-02,  1.28231E+02
1363,5.30967E-02,  1.27837E+02
1364,5.31218E-02,  1.27495E+02
1365,5.31469E-02,  1.27212E+02
1366,5.31720E-02,  1.26920E+02
1367,5.31971E-02,  1.26547E+02
1368,5.32223E-02,  1.26146E+02
1369,5.32474E-02,  1.25797E+02
1370,5.32725E-02,  1.25505E+02
1371,5.32976E-02,  1.25205E+02
1372,5.33227E-02,  1.24826E+02
1373,5.33478E-02,  1.24418E+02
1374,5.33729E-02,  1.24060E+02
1375,5.33980E-02,  1.23761E+02
1376,5.34231E-02,  1.23453E+02
1377,5.34482E-02,  1.23067E+02
1378,5.34733E-02,  1.22652E+02
1379,5.34984E-02,  1.22288E+02
1380,5.35235E-02,  1.21980E+02
1381,5.35486E-02,  1.21666E+02
1382,5.35737E-02,  1.21273E+02
1383,5.35988E-02,  1.20852E+02
1384,5.36239E-02,  1.20481E+02
1385,5.36489E-02,  1.20165E+02
1386,5.36740E-02,  1.19844E+02
1387,5.36991E-02,  1.19445E+02
1388,5.37242E-02,  1.19018E+02
1389,5.37493E-02,  1.18640E+02
1390,5.37744E-02,  1.18318E+02
1391,5.37994E-02,  1.17989E+02
1392,5.38245E-02,  1.17585E+02
1393,5.38496E-02,  1.17152E+02
1394,5.38747E-02,  1.16768E+02
1395,5.38997E-02,  1.16438E+02
1396,5.39248E-02,  1.16103E+02
1397,5.39499E-02,  1.15693E+02
1398,5.39749E-02,  1.15256E+02
1399,5.40000E-02,  1.14865E+02
1400,5.40251E-02,  1.14529E+02
1401,5.40501E-02,  1.14188E+02
1402,5.40752E-02,  1.13773E+02
1403,5.41003E-02,  1.13330E+02
1404,5.41253E-02,  1.12934E+02
1405,5.41504E-02,  1.12592E+02
1406,5.41754E-02,  1.12244E+02
1407,5.42005E-02,  1.11825E+02
1408,5.42255E-02,  1.11377E+02
1409,5.42506E-02,  1.10976E+02
1410,5.42756E-02,  1.10627E+02
1411,5.43007E-02,  1.10274E+02
1412,5.43257E-02,  1.09850E+02
1413,5.43507E-02,  1.09399E+02
1414,5.43758E-02,  1.08993E+02
1415,5.44008E-02,  1.08638E+02
1416,5.44259E-02,  1.08279E+02
1417,5.44509E-02,  1.07851E+02
1418,5.44759E-02,  1.07396E+02
1419,5.45010E-02,  1.06985E+02
1420,5.45260E-02,  1.06625E+02
1421,5.45510E-02,  1.06261E+02
1422,5.45760E-02,  1.05829E+02
1423,5.46011E-02,  1.05370E+02
1424,5.46261E-02,  1.04955E+02
1425,5.46511E-02,  1.04590E+02
1426,5.46761E-02,  1.04221E+02
1427,5.47011E-02,  1.03786E+02
1428,5.47261E-02,  1.03324E+02
1429,5.47512E-02,  1.02905E+02
1430,5.47762E-02,  1.02535E+02
1431,5.48012E-02,  1.02161E+02
1432,5.48262E-02,  1.01723E+02
1433,5.48512E-02,  1.01259E+02
1434,5.48762E-02,  1.00836E+02
1435,5.49012E-02,  1.00461E+02
1436,5.49262E-02,  1.00083E+02
1437,5.49512E-02,  9.96424E+01
1438,5.49762E-02,  9.91757E+01
1439,5.50012E-02,  9.87498E+01
1440,5.50262E-02,  9.83704E+01
1441,5.50512E-02,  9.79890E+01
1442,5.50761E-02,  9.75456E+01
1443,5.51011E-02,  9.70768E+01
1444,5.51261E-02,  9.66481E+01
1445,5.51511E-02,  9.62647E+01
1446,5.51761E-02,  9.58797E+01
1447,5.52010E-02,  9.54342E+01
1448,5.52260E-02,  9.49639E+01
1449,5.52510E-02,  9.45326E+01
1450,5.52760E-02,  9.41456E+01
1451,5.53009E-02,  9.37573E+01
1452,5.53259E-02,  9.33102E+01
1453,5.53509E-02,  9.28386E+01
1454,5.53758E-02,  9.24051E+01
1455,5.54008E-02,  9.20148E+01
1456,5.54257E-02,  9.16236E+01
1457,5.54507E-02,  9.11751E+01
1458,5.54756E-02,  9.07026E+01
1459,5.55006E-02,  9.02673E+01
1460,5.55255E-02,  8.98742E+01
1461,5.55505E-02,  8.94803E+01
1462,5.55754E-02,  8.90308E+01
1463,5.56004E-02,  8.85578E+01
1464,5.56253E-02,  8.81211E+01
1465,5.56503E-02,  8.77253E+01
1466,5.56752E-02,  8.73292E+01
1467,5.57001E-02,  8.68791E+01
1468,5.57251E-02,  8.64059E+01
1469,5.57500E-02,  8.59681E+01
1470,5.57749E-02,  8.55701E+01
1471,5.57999E-02,  8.51721E+01
1472,5.58248E-02,  8.47216E+01
1473,5.58497E-02,  8.42487E+01
1474,5.58746E-02,  8.38101E+01
1475,5.58995E-02,  8.34103E+01
1476,5.59245E-02,  8.30107E+01
1477,5.59494E-02,  8.25603E+01
1478,5.59743E-02,  8.20880E+01
1479,5.59992E-02,  8.16489E+01
1480,5.60241E-02,  8.12477E+01
1481,5.60490E-02,  8.08468E+01
1482,5.60739E-02,  8.03968E+01
1483,5.60988E-02,  7.99254E+01
1484,5.61237E-02,  7.94864E+01
1485,5.61486E-02,  7.90839E+01
1486,5.61735E-02,  7.86822E+01
1487,5.61984E-02,  7.82329E+01
1488,5.62232E-02,  7.77628E+01
1489,5.62481E-02,  7.73241E+01
1490,5.62730E-02,  7.69209E+01
1491,5.62979E-02,  7.65186E+01
1492,5.63228E-02,  7.60704E+01
1493,5.63477E-02,  7.56020E+01
1494,5.63725E-02,  7.51640E+01
1495,5.63974E-02,  7.47604E+01
1496,5.64223E-02,  7.43578E+01
1497,5.64471E-02,  7.39110E+01
1498,5.64720E-02,  7.34446E+01
1499,5.64969E-02,  7.30077E+01
1500,5.65217E-02,  7.26040E+01
1501,5.65466E-02,  7.22016E+01
1502,5.65714E-02,  7.17565E+01
1503,5.65963E-02,  7.12925E+01
1504,5.66211E-02,  7.08570E+01
1505,5.66460E-02,  7.04536E+01
1506,5.66708E-02,  7.00517E+01
1507,5.66957E-02,  6.96087E+01
1508,5.67205E-02,  6.91474E+01
1509,5.67453E-02,  6.87136E+01
1510,5.67702E-02,  6.83109E+01
1511,5.67950E-02,  6.79098E+01
1512,5.68199E-02,  6.74693E+01
1513,5.68447E-02,  6.70110E+01
1514,5.68695E-02,  6.65793E+01
1515,5.68943E-02,  6.61777E+01
1516,5.69192E-02,  6.57777E+01
1517,5.69440E-02,  6.53399E+01
1518,5.69688E-02,  6.48851E+01
1519,5.69936E-02,  6.44558E+01
1520,5.70184E-02,  6.40555E+01
1521,5.70432E-02,  6.36571E+01
1522,5.70680E-02,  6.32224E+01
1523,5.70928E-02,  6.27712E+01
1524,5.71176E-02,  6.23447E+01
1525,5.71424E-02,  6.19461E+01
1526,5.71672E-02,  6.15496E+01
1527,5.71920E-02,  6.11183E+01
1528,5.72168E-02,  6.06711E+01
1529,5.72416E-02,  6.02478E+01
1530,5.72664E-02,  5.98512E+01
1531,5.72912E-02,  5.94568E+01
1532,5.73159E-02,  5.90293E+01
1533,5.73407E-02,  5.85864E+01
1534,5.73655E-02,  5.81665E+01
1535,5.73903E-02,  5.77724E+01
1536,5.74151E-02,  5.73806E+01
1537,5.74398E-02,  5.69570E+01
1538,5.74646E-02,  5.65188E+01
1539,5.74893E-02,  5.61027E+01
1540,5.75141E-02,  5.57113E+01
1541,5.75389E-02,  5.53223E+01
1542,5.75636E-02,  5.49030E+01
1543,5.75884E-02,  5.44698E+01
1544,5.76131E-02,  5.40578E+01
1545,5.76379E-02,  5.36695E+01
1546,5.76626E-02,  5.32836E+01
1547,5.76874E-02,  5.28690E+01
1548,5.77121E-02,  5.24410E+01
1549,5.77368E-02,  5.20334E+01
1550,5.77616E-02,  5.16485E+01
1551,5.77863E-02,  5.12661E+01
1552,5.78110E-02,  5.08564E+01
1553,5.78358E-02,  5.04339E+01
1554,5.78605E-02,  5.00310E+01
1555,5.78852E-02,  4.96498E+01
1556,5.79099E-02,  4.92712E+01
1557,5.79346E-02,  4.88667E+01
1558,5.79593E-02,  4.84501E+01
1559,5.79841E-02,  4.80521E+01
1560,5.80088E-02,  4.76750E+01
1561,5.80335E-02,  4.73005E+01
1562,5.80582E-02,  4.69015E+01
1563,5.80829E-02,  4.64909E+01
1564,5.81076E-02,  4.60982E+01
1565,5.81323E-02,  4.57255E+01
1566,5.81570E-02,  4.53554E+01
1567,5.81817E-02,  4.49620E+01
1568,5.82063E-02,  4.45578E+01
1569,5.82310E-02,  4.41707E+01
1570,5.82557E-02,  4.38026E+01
1571,5.82804E-02,  4.34372E+01
1572,5.83051E-02,  4.30499E+01
1573,5.83297E-02,  4.26523E+01
1574,5.83544E-02,  4.22710E+01
1575,5.83791E-02,  4.19078E+01
1576,5.84037E-02,  4.15474E+01
1577,5.84284E-02,  4.11663E+01
1578,5.84531E-02,  4.07755E+01
1579,5.84777E-02,  4.04003E+01
1580,5.85024E-02,  4.00424E+01
1581,5.85270E-02,  3.96873E+01
1582,5.85517E-02,  3.93127E+01
1583,5.85763E-02,  3.89290E+01
1584,5.86010E-02,  3.85601E+01
1585,5.86256E-02,  3.82077E+01
1586,5.86502E-02,  3.78581E+01
1587,5.86749E-02,  3.74902E+01
1588,5.86995E-02,  3.71138E+01
1589,5.87241E-02,  3.67515E+01
1590,5.87488E-02,  3.64049E+01
1591,5.87734E-02,  3.60610E+01
1592,5.87980E-02,  3.57001E+01
1593,5.88226E-02,  3.53312E+01
1594,5.88472E-02,  3.49758E+01
1595,5.88719E-02,  3.46352E+01
1596,5.88965E-02,  3.42974E+01
1597,5.89211E-02,  3.39436E+01
1598,5.89457E-02,  3.35824E+01
1599,5.89703E-02,  3.32340E+01
1600,5.89949E-02,  3.28997E+01
1601,5.90195E-02,  3.25682E+01
1602,5.90441E-02,  3.22218E+01
1603,5.90687E-02,  3.18685E+01
1604,5.90932E-02,  3.15274E+01
1605,5.91178E-02,  3.11996E+01
1606,5.91424E-02,  3.08745E+01
1607,5.91670E-02,  3.05357E+01
1608,5.91916E-02,  3.01905E+01
1609,5.92161E-02,  2.98568E+01
1610,5.92407E-02,  2.95357E+01
1611,5.92653E-02,  2.92174E+01
1612,5.92899E-02,  2.88863E+01
1613,5.93144E-02,  2.85493E+01
1614,5.93390E-02,  2.82232E+01
1615,5.93635E-02,  2.79091E+01
1616,5.93881E-02,  2.75976E+01
1617,5.94126E-02,  2.72744E+01
1618,5.94372E-02,  2.69457E+01
1619,5.94617E-02,  2.66274E+01
1620,5.94863E-02,  2.63203E+01
1621,5.95108E-02,  2.60159E+01
1622,5.95354E-02,  2.57007E+01
1623,5.95599E-02,  2.53804E+01
1624,5.95844E-02,  2.50699E+01
1625,5.96090E-02,  2.47700E+01
1626,5.96335E-02,  2.44727E+01
1627,5.96580E-02,  2.41654E+01
1628,5.96825E-02,  2.38536E+01
1629,5.97070E-02,  2.35509E+01
1630,5.97316E-02,  2.32581E+01
1631,5.97561E-02,  2.29679E+01
1632,5.97806E-02,  2.26685E+01
1633,5.98051E-02,  2.23649E+01
1634,5.98296E-02,  2.20698E+01
1635,5.98541E-02,  2.17840E+01
1636,5.98786E-02,  2.15005E+01
1637,5.99031E-02,  2.12085E+01
1638,5.99276E-02,  2.09126E+01
1639,5.99520E-02,  2.06246E+01
1640,5.99765E-02,  2.03450E+01
1641,6.00010E-02,  2.00675E+01
1642,6.00255E-02,  1.97819E+01
1643,6.00500E-02,  1.94926E+01
1644,6.00744E-02,  1.92103E+01
1645,6.00989E-02,  1.89353E+01
1646,6.01234E-02,  1.86620E+01
1647,6.01479E-02,  1.83808E+01
1648,6.01723E-02,  1.80957E+01
1649,6.01968E-02,  1.78164E+01
1650,6.02212E-02,  1.75432E+01
1651,6.02457E-02,  1.72708E+01
1652,6.02701E-02,  1.69905E+01
1653,6.02946E-02,  1.67059E+01
1654,6.03190E-02,  1.64258E+01
1655,6.03435E-02,  1.61506E+01
1656,6.03679E-02,  1.58752E+01
1657,6.03923E-02,  1.55917E+01
1658,6.04168E-02,  1.53030E+01
1659,6.04412E-02,  1.50171E+01
1660,6.04656E-02,  1.47352E+01
1661,6.04901E-02,  1.44525E+01
1662,6.05145E-02,  1.41602E+01
1663,6.05389E-02,  1.38632E+01
1664,6.05633E-02,  1.35715E+01
1665,6.05877E-02,  1.32854E+01
1666,6.06121E-02,  1.30013E+01
1667,6.06365E-02,  1.27134E+01
1668,6.06609E-02,  1.24248E+01
1669,6.06853E-02,  1.21423E+01
1670,6.07097E-02,  1.18662E+01
1671,6.07341E-02,  1.15933E+01
1672,6.07585E-02,  1.13181E+01
1673,6.07829E-02,  1.10430E+01
1674,6.08073E-02,  1.07736E+01
1675,6.08317E-02,  1.05104E+01
1676,6.08561E-02,  1.02503E+01
1677,6.08804E-02,  9.98844E+00
1678,6.09048E-02,  9.72680E+00
1679,6.09292E-02,  9.47053E+00
1680,6.09536E-02,  9.21980E+00
1681,6.09779E-02,  8.97194E+00
1682,6.10023E-02,  8.72273E+00
1683,6.10266E-02,  8.47390E+00
1684,6.10510E-02,  8.22991E+00
1685,6.10754E-02,  7.99089E+00
1686,6.10997E-02,  7.75451E+00
1687,6.11240E-02,  7.51715E+00
1688,6.11484E-02,  7.28030E+00
1689,6.11727E-02,  7.04779E+00
1690,6.11971E-02,  6.81969E+00
1691,6.12214E-02,  6.59403E+00
1692,6.12457E-02,  6.36774E+00
1693,6.12701E-02,  6.14211E+00
1694,6.12944E-02,  5.92033E+00
1695,6.13187E-02,  5.70248E+00
1696,6.13430E-02,  5.48687E+00
1697,6.13674E-02,  5.27098E+00
1698,6.13917E-02,  5.05591E+00
1699,6.14160E-02,  4.84426E+00
1700,6.14403E-02,  4.63608E+00
1701,6.14646E-02,  4.42996E+00
1702,6.14889E-02,  4.22393E+00
1703,6.15132E-02,  4.01886E+00
1704,6.15375E-02,  3.81682E+00
1705,6.15618E-02,  3.61782E+00
1706,6.15861E-02,  3.42074E+00
1707,6.16104E-02,  3.22408E+00
1708,6.16346E-02,  3.02855E+00
1709,6.16589E-02,  2.83569E+00
1710,6.16832E-02,  2.64547E+00
1711,6.17075E-02,  2.45704E+00
1712,6.17317E-02,  2.26935E+00
1713,6.17560E-02,  2.08296E+00
1714,6.17803E-02,  1.89890E+00
1715,6.18045E-02,  1.71712E+00
1716,6.18288E-02,  1.53700E+00
1717,6.18531E-02,  1.35795E+00
1718,6.18773E-02,  1.18035E+00
1719,6.19016E-02,  1.00476E+00
1720,6.19258E-02,  8.31124E-01
1721,6.19501E-02,  6.59034E-01
1722,6.19743E-02,  4.88304E-01
1723,6.19985E-02,  3.19186E-01
1724,6.20228E-02,  1.51794E-01
1725,6.20470E-02, -1.39696E-02
1726,6.20712E-02, -1.78292E-01
1727,6.20955E-02, -3.40969E-01
1728,6.21197E-02, -5.01884E-01
1729,6.21439E-02, -6.61345E-01
1730,6.21681E-02, -8.19467E-01
1731,6.21923E-02, -9.76253E-01
1732,6.22165E-02, -1.13113E+00
1733,6.22407E-02, -1.28409E+00
1734,6.22650E-02, -1.43585E+00
1735,6.22892E-02, -1.58655E+00
1736,6.23134E-02, -1.73602E+00
1737,6.23375E-02, -1.88332E+00
1738,6.23617E-02, -2.02856E+00
1739,6.23859E-02, -2.17284E+00
1740,6.24101E-02, -2.31632E+00
1741,6.24343E-02, -2.45865E+00
1742,6.24585E-02, -2.59858E+00
1743,6.24827E-02, -2.73632E+00
1744,6.25068E-02, -2.87333E+00
1745,6.25310E-02, -3.00976E+00
1746,6.25552E-02, -3.14515E+00
1747,6.25793E-02, -3.27791E+00
1748,6.26035E-02, -3.40837E+00
1749,6.26276E-02, -3.53831E+00
1750,6.26518E-02, -3.66790E+00
1751,6.26760E-02, -3.79654E+00
1752,6.27001E-02, -3.92236E+00
1753,6.27243E-02, -4.04575E+00
1754,6.27484E-02, -4.16881E+00
1755,6.27725E-02, -4.29174E+00
1756,6.27967E-02, -4.41380E+00
1757,6.28208E-02, -4.53285E+00
1758,6.28449E-02, -4.64937E+00
1759,6.28691E-02, -4.76575E+00
1760,6.28932E-02, -4.88220E+00
1761,6.29173E-02, -4.99786E+00
1762,6.29414E-02, -5.11033E+00
1763,6.29655E-02, -5.22019E+00
1764,6.29896E-02, -5.33008E+00
1765,6.30138E-02, -5.44023E+00
1766,6.30379E-02, -5.54967E+00
1767,6.30620E-02, -5.65576E+00
1768,6.30861E-02, -5.75914E+00
1769,6.31102E-02, -5.86271E+00
1770,6.31343E-02, -5.96670E+00
1771,6.31583E-02, -6.07007E+00
1772,6.31824E-02, -6.16997E+00
1773,6.32065E-02, -6.26705E+00
1774,6.32306E-02, -6.36449E+00
1775,6.32547E-02, -6.46251E+00
1776,6.32787E-02, -6.55998E+00
1777,6.33028E-02, -6.65386E+00
1778,6.33269E-02, -6.74486E+00
1779,6.33509E-02, -6.83634E+00
1780,6.33750E-02, -6.92857E+00
1781,6.33991E-02, -7.02034E+00
1782,6.34231E-02, -7.10839E+00
1783,6.34472E-02, -7.19350E+00
1784,6.34712E-02, -7.27924E+00
1785,6.34953E-02, -7.36586E+00
1786,6.35193E-02, -7.45209E+00
1787,6.35433E-02, -7.53451E+00
1788,6.35674E-02, -7.61392E+00
1789,6.35914E-02, -7.69407E+00
1790,6.36154E-02, -7.77525E+00
1791,6.36395E-02, -7.85610E+00
1792,6.36635E-02, -7.93306E+00
1793,6.36875E-02, -8.00695E+00
1794,6.37115E-02, -8.08171E+00
1795,6.37355E-02, -8.15760E+00
1796,6.37596E-02, -8.23326E+00
1797,6.37836E-02, -8.30495E+00
1798,6.38076E-02, -8.37353E+00
1799,6.38316E-02, -8.44309E+00
1800,6.38556E-02, -8.51390E+00
1801,6.38796E-02, -8.58454E+00
1802,6.39035E-02, -8.65115E+00
1803,6.39275E-02, -8.71460E+00
1804,6.39515E-02, -8.77913E+00
1805,6.39755E-02, -8.84503E+00
1806,6.39995E-02, -8.91082E+00
1807,6.40234E-02, -8.97252E+00
1808,6.40474E-02, -9.03102E+00
1809,6.40714E-02, -9.09070E+00
1810,6.40953E-02, -9.15185E+00
1811,6.41193E-02, -9.21295E+00
1812,6.41433E-02, -9.26991E+00
1813,6.41672E-02, -9.32365E+00
1814,6.41912E-02, -9.37865E+00
1815,6.42151E-02, -9.43520E+00
1816,6.42391E-02, -9.49177E+00
1817,6.42630E-02, -9.54417E+00
1818,6.42869E-02, -9.59331E+00
1819,6.43109E-02, -9.64381E+00
1820,6.43348E-02, -9.69594E+00
1821,6.43587E-02, -9.74815E+00
1822,6.43827E-02, -9.79616E+00
1823,6.44066E-02, -9.84091E+00
1824,6.44305E-02, -9.88708E+00
1825,6.44544E-02, -9.93496E+00
1826,6.44783E-02, -9.98299E+00
1827,6.45022E-02, -1.00268E+01
1828,6.45261E-02, -1.00673E+01
1829,6.45501E-02, -1.01093E+01
1830,6.45740E-02, -1.01531E+01
1831,6.45979E-02, -1.01971E+01
1832,6.46217E-02, -1.02369E+01
1833,6.46456E-02, -1.02733E+01
1834,6.46695E-02, -1.03113E+01
1835,6.46934E-02, -1.03512E+01
1836,6.47173E-02, -1.03913E+01
1837,6.47412E-02, -1.04272E+01
1838,6.47650E-02, -1.04598E+01
1839,6.47889E-02, -1.04940E+01
1840,6.48128E-02, -1.05301E+01
1841,6.48366E-02, -1.05665E+01
1842,6.48605E-02, -1.05987E+01
1843,6.48843E-02, -1.06276E+01
1844,6.49082E-02, -1.06581E+01
1845,6.49320E-02, -1.06906E+01
1846,6.49559E-02, -1.07235E+01
1847,6.49797E-02, -1.07521E+01
1848,6.50036E-02, -1.07775E+01
1849,6.50274E-02, -1.08045E+01
1850,6.50512E-02, -1.08336E+01
1851,6.50751E-02, -1.08631E+01
1852,6.50989E-02, -1.08883E+01
1853,6.51227E-02, -1.09103E+01
1854,6.51465E-02, -1.09340E+01
1855,6.51704E-02, -1.09598E+01
1856,6.51942E-02, -1.09861E+01
1857,6.52180E-02, -1.10081E+01
1858,6.52418E-02, -1.10269E+01
1859,6.52656E-02, -1.10475E+01
1860,6.52894E-02, -1.10701E+01
1861,6.53132E-02, -1.10933E+01
1862,6.53370E-02, -1.11123E+01
1863,6.53608E-02, -1.11280E+01
1864,6.53845E-02, -1.11456E+01
1865,6.54083E-02, -1.11653E+01
1866,6.54321E-02, -1.11855E+01
1867,6.54559E-02, -1.12016E+01
1868,6.54797E-02, -1.12144E+01
1869,6.55034E-02, -1.12291E+01
1870,6.55272E-02, -1.12459E+01
1871,6.55510E-02, -1.12634E+01
1872,6.55747E-02, -1.12767E+01
1873,6.55985E-02, -1.12867E+01
1874,6.56222E-02, -1.12986E+01
1875,6.56460E-02, -1.13127E+01
1876,6.56697E-02, -1.13275E+01
1877,6.56935E-02, -1.13381E+01
1878,6.57172E-02, -1.13455E+01
1879,6.57409E-02, -1.13548E+01
1880,6.57647E-02, -1.13663E+01
1881,6.57884E-02, -1.13785E+01
1882,6.58121E-02, -1.13866E+01
1883,6.58358E-02, -1.13915E+01
1884,6.58595E-02, -1.13982E+01
1885,6.58833E-02, -1.14072E+01
1886,6.59070E-02, -1.14169E+01
1887,6.59307E-02, -1.14225E+01
1888,6.59544E-02, -1.14250E+01
1889,6.59781E-02, -1.14293E+01
1890,6.60018E-02, -1.14359E+01
1891,6.60255E-02, -1.14432E+01
1892,6.60492E-02, -1.14465E+01
1893,6.60728E-02, -1.14465E+01
1894,6.60965E-02, -1.14486E+01
1895,6.61202E-02, -1.14528E+01
1896,6.61439E-02, -1.14577E+01
1897,6.61676E-02, -1.14587E+01
1898,6.61912E-02, -1.14566E+01
1899,6.62149E-02, -1.14563E+01
1900,6.62385E-02, -1.14583E+01
1901,6.62622E-02, -1.14610E+01
1902,6.62859E-02, -1.14598E+01
1903,6.63095E-02, -1.14555E+01
1904,6.63332E-02, -1.14531E+01
1905,6.63568E-02, -1.14529E+01
1906,6.63804E-02, -1.14535E+01
1907,6.64041E-02, -1.14502E+01
1908,6.64277E-02, -1.14438E+01
1909,6.64513E-02, -1.14393E+01
1910,6.64750E-02, -1.14370E+01
1911,6.64986E-02, -1.14356E+01
1912,6.65222E-02, -1.14303E+01
1913,6.65458E-02, -1.14220E+01
1914,6.65694E-02, -1.14155E+01
1915,6.65930E-02, -1.14113E+01
1916,6.66167E-02, -1.14080E+01
1917,6.66403E-02, -1.14009E+01
1918,6.66638E-02, -1.13908E+01
1919,6.66874E-02, -1.13826E+01
1920,6.67110E-02, -1.13766E+01
1921,6.67346E-02, -1.13715E+01
1922,6.67582E-02, -1.13628E+01
1923,6.67818E-02, -1.13510E+01
1924,6.68054E-02, -1.13413E+01
1925,6.68289E-02, -1.13338E+01
1926,6.68525E-02, -1.13272E+01
1927,6.68761E-02, -1.13170E+01
1928,6.68996E-02, -1.13040E+01
1929,6.69232E-02, -1.12929E+01
1930,6.69467E-02, -1.12841E+01
1931,6.69703E-02, -1.12763E+01
1932,6.69938E-02, -1.12650E+01
1933,6.70174E-02, -1.12509E+01
1934,6.70409E-02, -1.12388E+01
1935,6.70645E-02, -1.12290E+01
1936,6.70880E-02, -1.12203E+01
1937,6.71115E-02, -1.12082E+01
1938,6.71351E-02, -1.11934E+01
1939,6.71586E-02, -1.11807E+01
1940,6.71821E-02, -1.11703E+01
1941,6.72056E-02, -1.11611E+01
1942,6.72291E-02, -1.11486E+01
1943,6.72526E-02, -1.11335E+01
1944,6.72761E-02, -1.11205E+01
1945,6.72996E-02, -1.11099E+01
1946,6.73231E-02, -1.11005E+01
1947,6.73466E-02, -1.10880E+01
1948,6.73701E-02, -1.10730E+01
1949,6.73936E-02, -1.10602E+01
1950,6.74171E-02, -1.10498E+01
1951,6.74406E-02, -1.10407E+01
1952,6.74640E-02, -1.10287E+01
1953,6.74875E-02, -1.10141E+01
1954,6.75110E-02, -1.10019E+01
1955,6.75344E-02, -1.09921E+01
1956,6.75579E-02, -1.09837E+01
1957,6.75814E-02, -1.09725E+01
1958,6.76048E-02, -1.09588E+01
1959,6.76283E-02, -1.09475E+01
1960,6.76517E-02, -1.09387E+01
1961,6.76752E-02, -1.09314E+01
1962,6.76986E-02, -1.09213E+01
1963,6.77220E-02, -1.09088E+01
1964,6.77454E-02, -1.08987E+01
1965,6.77689E-02, -1.08912E+01
1966,6.77923E-02, -1.08852E+01
1967,6.78157E-02, -1.08764E+01
1968,6.78391E-02, -1.08654E+01
1969,6.78625E-02, -1.08567E+01
1970,6.78860E-02, -1.08506E+01
1971,6.79094E-02, -1.08460E+01
1972,6.79328E-02, -1.08388E+01
1973,6.79562E-02, -1.08293E+01
1974,6.79795E-02, -1.08221E+01
1975,6.80029E-02, -1.08174E+01
1976,6.80263E-02, -1.08142E+01
1977,6.80497E-02, -1.08084E+01
1978,6.80731E-02, -1.08003E+01
1979,6.80965E-02, -1.07944E+01
1980,6.81198E-02, -1.07910E+01
1981,6.81432E-02, -1.07891E+01
1982,6.81666E-02, -1.07844E+01
1983,6.81899E-02, -1.07774E+01
1984,6.82133E-02, -1.07726E+01
1985,6.82366E-02, -1.07701E+01
1986,6.82600E-02, -1.07690E+01
1987,6.82833E-02, -1.07651E+01
1988,6.83067E-02, -1.07587E+01
1989,6.83300E-02, -1.07543E+01
1990,6.83533E-02, -1.07522E+01
1991,6.83767E-02, -1.07512E+01
1992,6.84000E-02, -1.07474E+01
1993,6.84233E-02, -1.07409E+01
1994,6.84466E-02, -1.07362E+01
1995,6.84699E-02, -1.07336E+01
1996,6.84932E-02, -1.07320E+01
1997,6.85165E-02, -1.07273E+01
1998,6.85398E-02, -1.07197E+01
1999,6.85631E-02, -1.07138E+01
2000,6.85864E-02, -1.07097E+01
2001,6.86097E-02, -1.07063E+01
2002,6.86330E-02, -1.06996E+01
2003,6.86563E-02, -1.06899E+01
2004,6.86796E-02, -1.06815E+01
2005,6.87029E-02, -1.06746E+01
2006,6.87261E-02, -1.06682E+01
2007,6.87494E-02, -1.06583E+01
2008,6.87727E-02, -1.06450E+01
2009,6.87959E-02, -1.06327E+01
2010,6.88192E-02, -1.06216E+01
2011,6.88424E-02, -1.06106E+01
2012,6.88657E-02, -1.05958E+01
2013,6.88889E-02, -1.05774E+01
2014,6.89122E-02, -1.05595E+01
2015,6.89354E-02, -1.05424E+01
2016,6.89586E-02, -1.05252E+01
2017,6.89819E-02, -1.05037E+01
2018,6.90051E-02, -1.04782E+01
2019,6.90283E-02, -1.04528E+01
2020,6.90515E-02, -1.04277E+01
2021,6.90747E-02, -1.04019E+01
2022,6.90979E-02, -1.03715E+01
2023,6.91211E-02, -1.03366E+01
2024,6.91443E-02, -1.03013E+01
2025,6.91675E-02, -1.02656E+01
2026,6.91907E-02, -1.02287E+01
2027,6.92139E-02, -1.01867E+01
2028,6.92371E-02, -1.01396E+01
2029,6.92603E-02, -1.00914E+01
2030,6.92835E-02, -1.00421E+01
2031,6.93066E-02, -9.99091E+00
2032,6.93298E-02, -9.93391E+00
2033,6.93530E-02, -9.87119E+00
2034,6.93761E-02, -9.80656E+00
2035,6.93993E-02, -9.74003E+00
2036,6.94225E-02, -9.67070E+00
2037,6.94456E-02, -9.59484E+00
2038,6.94687E-02, -9.51247E+00
2039,6.94919E-02, -9.42722E+00
2040,6.95150E-02, -9.33902E+00
2041,6.95382E-02, -9.24695E+00
2042,6.95613E-02, -9.14741E+00
2043,6.95844E-02, -9.04038E+00
2044,6.96075E-02, -8.92924E+00
2045,6.96307E-02, -8.81393E+00
2046,6.96538E-02, -8.69371E+00
2047,6.96769E-02, -8.56550E+00
2048,6.97000E-02, -8.42980E+00
2049,6.97231E-02, -8.29044E+00
2050,6.97462E-02, -8.14805E+00
2051,6.97693E-02, -8.00199E+00
2052,6.97924E-02, -7.84794E+00
2053,6.98154E-02, -7.68158E+00
2054,6.98385E-02, -7.49623E+00
2055,6.98616E-02, -7.27519E+00
2056,6.98847E-02, -6.99362E+00
2057,6.99078E-02, -6.62193E+00
2058,6.99308E-02, -6.14463E+00
2059,6.99539E-02, -5.58683E+00
2060,6.99769E-02, -5.07042E+00
2061,7.00000E-02, -5.33715E+00
2062,7.01482E-02, -6.54795E+00
2063,7.02986E-02, -7.67666E+00
2064,7.04513E-02, -8.39509E+00
2065,7.06062E-02, -8.96654E+00
2066,7.07635E-02, -9.45494E+00
2067,7.09232E-02, -9.88586E+00
2068,7.10853E-02, -1.02773E+01
2069,7.12498E-02, -1.06409E+01
2070,7.14168E-02, -1.09842E+01
2071,7.15864E-02, -1.13121E+01
2072,7.17585E-02, -1.16283E+01
2073,7.19331E-02, -1.19351E+01
2074,7.21104E-02, -1.22346E+01
2075,7.22904E-02, -1.25280E+01
2076,7.24731E-02, -1.28164E+01
2077,7.26586E-02, -1.31006E+01
2078,7.28468E-02, -1.33812E+01
2079,7.30379E-02, -1.36585E+01
2080,7.32318E-02, -1.39328E+01
2081,7.34287E-02, -1.42040E+01
2082,7.36286E-02, -1.44721E+01
2083,7.38315E-02, -1.47368E+01
2084,7.40374E-02, -1.49976E+01
2085,7.42464E-02, -1.52539E+01
2086,7.44586E-02, -1.55049E+01
2087,7.46739E-02, -1.57498E+01
2088,7.48926E-02, -1.59877E+01
2089,7.51145E-02, -1.62174E+01
2090,7.53397E-02, -1.64379E+01
2091,7.55684E-02, -1.66481E+01
2092,7.58005E-02, -1.68471E+01
2093,7.60361E-02, -1.70339E+01
2094,7.62753E-02, -1.72075E+01
2095,7.65180E-02, -1.73673E+01
2096,7.67644E-02, -1.75125E+01
2097,7.70146E-02, -1.76423E+01
2098,7.72685E-02, -1.77562E+01
2099,7.75262E-02, -1.78534E+01
2100,7.77878E-02, -1.79331E+01
2101,7.80533E-02, -1.79946E+01
2102,7.83229E-02, -1.80370E+01
2103,7.85965E-02, -1.80598E+01
2104,7.88743E-02, -1.80617E+01
2105,7.91562E-02, -1.80415E+01
2106,7.94424E-02, -1.79976E+01
2107,7.97329E-02, -1.79287E+01
2108,8.00277E-02, -1.78336E+01
2109,8.03270E-02, -1.77110E+01
2110,8.06309E-02, -1.75596E+01
2111,8.09393E-02, -1.73782E+01
2112,8.12523E-02, -1.71654E+01
2113,8.15701E-02, -1.69200E+01
2114,8.18927E-02, -1.66409E+01
2115,8.22201E-02, -1.63270E+01
2116,8.25525E-02, -1.59774E+01
2117,8.28898E-02, -1.55911E+01
2118,8.32323E-02, -1.51673E+01
2119,8.35799E-02, -1.47055E+01
2120,8.39327E-02, -1.42048E+01
2121,8.42909E-02, -1.36652E+01
2122,8.46545E-02, -1.30868E+01
2123,8.50235E-02, -1.24696E+01
2124,8.53982E-02, -1.18138E+01
2125,8.57784E-02, -1.11203E+01
2126,8.61644E-02, -1.03900E+01
2127,8.65562E-02, -9.62398E+00
2128,8.69539E-02, -8.82390E+00
2129,8.73576E-02, -7.99140E+00
2130,8.77674E-02, -7.12834E+00
2131,8.81834E-02, -6.23719E+00
2132,8.86057E-02, -5.32065E+00
2133,8.90343E-02, -4.38168E+00
2134,8.94693E-02, -3.42359E+00
2135,8.99109E-02, -2.44990E+00
2136,9.03592E-02, -1.46500E+00
2137,9.08143E-02, -4.73563E-01
2138,9.12762E-02,  5.19139E-01
2139,9.17450E-02,  1.50840E+00
2140,9.22209E-02,  2.49110E+00
2141,9.27040E-02,  3.46419E+00
2142,9.31944E-02,  4.42426E+00
2143,9.36922E-02,  5.36795E+00
2144,9.41975E-02,  6.29199E+00
2145,9.47103E-02,  7.19333E+00
2146,9.52310E-02,  8.06915E+00
2147,9.57594E-02,  8.91686E+00
2148,9.62959E-02,  9.73418E+00
2149,9.68404E-02,  1.05191E+01
2150,9.73931E-02,  1.12700E+01
2151,9.79541E-02,  1.19855E+01
2152,9.85237E-02,  1.26646E+01
2153,9.91018E-02,  1.33066E+01
2154,9.96886E-02,  1.39111E+01
2155,1.00284E-01,  1.44781E+01
2156,1.00889E-01,  1.50078E+01
2157,1.01503E-01,  1.55008E+01
2158,1.02126E-01,  1.59577E+01
2159,1.02758E-01,  1.63798E+01
2160,1.03400E-01,  1.67681E+01
2161,1.04051E-01,  1.71242E+01
2162,1.04713E-01,  1.74496E+01
2163,1.05384E-01,  1.77462E+01
2164,1.06066E-01,  1.80157E+01
2165,1.06758E-01,  1.82601E+01
2166,1.07460E-01,  1.84814E+01
2167,1.08173E-01,  1.86817E+01
2168,1.08896E-01,  1.88630E+01
2169,1.09630E-01,  1.90273E+01
2170,1.10376E-01,  1.91766E+01
2171,1.11133E-01,  1.93129E+01
2172,1.11901E-01,  1.94380E+01
2173,1.12681E-01,  1.95538E+01
2174,1.13472E-01,  1.96619E+01
2175,1.14275E-01,  1.97640E+01
2176,1.15091E-01,  1.98617E+01
2177,1.15919E-01,  1.99562E+01
2178,1.16759E-01,  2.00488E+01
2179,1.17612E-01,  2.01408E+01
2180,1.18478E-01,  2.02330E+01
2181,1.19357E-01,  2.03265E+01
2182,1.20249E-01,  2.04219E+01
2183,1.21154E-01,  2.05198E+01
2184,1.22074E-01,  2.06207E+01
2185,1.23007E-01,  2.07250E+01
2186,1.23954E-01,  2.08329E+01
2187,1.24915E-01,  2.09445E+01
2188,1.25891E-01,  2.10598E+01
2189,1.26882E-01,  2.11787E+01
2190,1.27887E-01,  2.13012E+01
2191,1.28908E-01,  2.14268E+01
2192,1.29944E-01,  2.15553E+01
2193,1.30995E-01,  2.16863E+01
2194,1.32063E-01,  2.18192E+01
2195,1.33147E-01,  2.19535E+01
2196,1.34247E-01,  2.20883E+01
2197,1.35363E-01,  2.22226E+01
2198,1.36496E-01,  2.23553E+01
2199,1.37647E-01,  2.24844E+01
2200,1.38815E-01,  2.26424E+01
2201,1.40000E-01,  2.27368E+01
