 1,1.15236E-44,  2.90999E+01
 2,1.30767E-03,  2.90383E+01
 3,2.53992E-03,  2.89250E+01
 4,3.70108E-03,  2.88264E+01
 5,4.79527E-03,  2.87332E+01
 6,5.82634E-03,  2.86396E+01
 7,6.79794E-03,  2.85427E+01
 8,7.71349E-03,  2.84405E+01
 9,8.57623E-03,  2.83319E+01
10,9.38921E-03,  2.82163E+01
11,1.01553E-02,  2.80933E+01
12,1.08772E-02,  2.79629E+01
13,1.15574E-02,  2.78252E+01
14,1.21985E-02,  2.76807E+01
15,1.28025E-02,  2.75296E+01
16,1.33717E-02,  2.73725E+01
17,1.39081E-02,  2.72100E+01
18,1.44135E-02,  2.70425E+01
19,1.48898E-02,  2.68706E+01
20,1.53386E-02,  2.66949E+01
21,1.57615E-02,  2.65160E+01
22,1.61600E-02,  2.63344E+01
23,1.65355E-02,  2.61504E+01
24,1.68894E-02,  2.59645E+01
25,1.72228E-02,  2.57770E+01
26,1.75371E-02,  2.55881E+01
27,1.78332E-02,  2.53979E+01
28,1.81122E-02,  2.52064E+01
29,1.83751E-02,  2.50134E+01
30,1.86229E-02,  2.48187E+01
31,1.88563E-02,  2.46215E+01
32,1.90763E-02,  2.44211E+01
33,1.92836E-02,  2.42161E+01
34,1.94790E-02,  2.40003E+01
35,1.96631E-02,  2.37410E+01
36,1.98365E-02,  2.33874E+01
37,2.00000E-02,  2.30938E+01
38,2.00720E-02,  2.31560E+01
39,2.01439E-02,  2.34858E+01
40,2.02159E-02,  2.38297E+01
41,2.02878E-02,  2.41326E+01
42,2.03598E-02,  2.43863E+01
43,2.04317E-02,  2.46062E+01
44,2.05036E-02,  2.48117E+01
45,2.05756E-02,  2.50057E+01
46,2.06475E-02,  2.51947E+01
47,2.07194E-02,  2.53854E+01
48,2.07914E-02,  2.55716E+01
49,2.08633E-02,  2.57547E+01
50,2.09352E-02,  2.59398E+01
51,2.10071E-02,  2.61200E+01
52,2.10790E-02,  2.62972E+01
53,2.11509E-02,  2.64768E+01
54,2.12228E-02,  2.66520E+01
55,2.12947E-02,  2.68248E+01
56,2.13666E-02,  2.70006E+01
57,2.14384E-02,  2.71725E+01
58,2.15103E-02,  2.73424E+01
59,2.15822E-02,  2.75159E+01
60,2.16541E-02,  2.76858E+01
61,2.17259E-02,  2.78540E+01
62,2.17978E-02,  2.80261E+01
63,2.18696E-02,  2.81948E+01
64,2.19415E-02,  2.83622E+01
65,2.20133E-02,  2.85338E+01
66,2.20852E-02,  2.87021E+01
67,2.21570E-02,  2.88692E+01
68,2.22288E-02,  2.90408E+01
69,2.23006E-02,  2.92093E+01
70,2.23724E-02,  2.93767E+01
71,2.24443E-02,  2.95489E+01
72,2.25161E-02,  2.97179E+01
73,2.25879E-02,  2.98861E+01
74,2.26596E-02,  3.00591E+01
75,2.27314E-02,  3.02291E+01
76,2.28032E-02,  3.03984E+01
77,2.28750E-02,  3.05727E+01
78,2.29468E-02,  3.07439E+01
79,2.30185E-02,  3.09146E+01
80,2.30903E-02,  3.10903E+01
81,2.31620E-02,  3.12631E+01
82,2.32338E-02,  3.14354E+01
83,2.33055E-02,  3.16129E+01
84,2.33773E-02,  3.17874E+01
85,2.34490E-02,  3.19615E+01
86,2.35207E-02,  3.21410E+01
87,2.35925E-02,  3.23175E+01
88,2.36642E-02,  3.24935E+01
89,2.37359E-02,  3.26751E+01
90,2.38076E-02,  3.28537E+01
91,2.38793E-02,  3.30319E+01
92,2.39510E-02,  3.32158E+01
93,2.40226E-02,  3.33966E+01
94,2.40943E-02,  3.35772E+01
95,2.41660E-02,  3.37634E+01
96,2.42376E-02,  3.39467E+01
97,2.43093E-02,  3.41296E+01
98,2.43810E-02,  3.43185E+01
99,2.44526E-02,  3.45042E+01
100,2.45242E-02,  3.46897E+01
101,2.45959E-02,  3.48812E+01
102,2.46675E-02,  3.50695E+01
103,2.47391E-02,  3.52577E+01
104,2.48107E-02,  3.54520E+01
105,2.48823E-02,  3.56430E+01
106,2.49539E-02,  3.58340E+01
107,2.50255E-02,  3.60311E+01
108,2.50971E-02,  3.62250E+01
109,2.51687E-02,  3.64188E+01
110,2.52403E-02,  3.66188E+01
111,2.53118E-02,  3.68156E+01
112,2.53834E-02,  3.70123E+01
113,2.54549E-02,  3.72154E+01
114,2.55265E-02,  3.74152E+01
115,2.55980E-02,  3.76150E+01
116,2.56695E-02,  3.78212E+01
117,2.57411E-02,  3.80240E+01
118,2.58126E-02,  3.82269E+01
119,2.58841E-02,  3.84363E+01
120,2.59556E-02,  3.86423E+01
121,2.60271E-02,  3.88483E+01
122,2.60986E-02,  3.90610E+01
123,2.61700E-02,  3.92702E+01
124,2.62415E-02,  3.94795E+01
125,2.63130E-02,  3.96955E+01
126,2.63844E-02,  3.99081E+01
127,2.64559E-02,  4.01207E+01
128,2.65273E-02,  4.03401E+01
129,2.65988E-02,  4.05560E+01
130,2.66702E-02,  4.07720E+01
131,2.67416E-02,  4.09949E+01
132,2.68130E-02,  4.12142E+01
133,2.68845E-02,  4.14337E+01
134,2.69558E-02,  4.16602E+01
135,2.70272E-02,  4.18830E+01
136,2.70986E-02,  4.21060E+01
137,2.71700E-02,  4.23361E+01
138,2.72414E-02,  4.25625E+01
139,2.73127E-02,  4.27891E+01
140,2.73841E-02,  4.30229E+01
141,2.74554E-02,  4.32529E+01
142,2.75268E-02,  4.34832E+01
143,2.75981E-02,  4.37207E+01
144,2.76694E-02,  4.39545E+01
145,2.77407E-02,  4.41885E+01
146,2.78120E-02,  4.44298E+01
147,2.78833E-02,  4.46673E+01
148,2.79546E-02,  4.49052E+01
149,2.80259E-02,  4.51504E+01
150,2.80972E-02,  4.53918E+01
151,2.81685E-02,  4.56335E+01
152,2.82397E-02,  4.58827E+01
153,2.83110E-02,  4.61279E+01
154,2.83822E-02,  4.63736E+01
155,2.84534E-02,  4.66268E+01
156,2.85247E-02,  4.68761E+01
157,2.85959E-02,  4.71258E+01
158,2.86671E-02,  4.73831E+01
159,2.87383E-02,  4.76365E+01
160,2.88095E-02,  4.78903E+01
161,2.88807E-02,  4.81518E+01
162,2.89519E-02,  4.84093E+01
163,2.90230E-02,  4.86673E+01
164,2.90942E-02,  4.89330E+01
165,2.91653E-02,  4.91948E+01
166,2.92365E-02,  4.94572E+01
167,2.93076E-02,  4.97273E+01
168,2.93788E-02,  4.99935E+01
169,2.94499E-02,  5.02603E+01
170,2.95210E-02,  5.05350E+01
171,2.95921E-02,  5.08058E+01
172,2.96632E-02,  5.10773E+01
173,2.97343E-02,  5.13568E+01
174,2.98054E-02,  5.16325E+01
175,2.98764E-02,  5.19091E+01
176,2.99475E-02,  5.21939E+01
177,3.00186E-02,  5.24747E+01
178,3.00896E-02,  5.27560E+01
179,3.01606E-02,  5.30444E+01
180,3.02317E-02,  5.33319E+01
181,3.03027E-02,  5.36299E+01
182,3.03737E-02,  5.39285E+01
183,3.04447E-02,  5.42108E+01
184,3.05157E-02,  5.44956E+01
185,3.05867E-02,  5.47898E+01
186,3.06577E-02,  5.50809E+01
187,3.07287E-02,  5.53735E+01
188,3.07996E-02,  5.56747E+01
189,3.08706E-02,  5.59721E+01
190,3.09415E-02,  5.62704E+01
191,3.10125E-02,  5.65771E+01
192,3.10834E-02,  5.68796E+01
193,3.11543E-02,  5.71829E+01
194,3.12252E-02,  5.74945E+01
195,3.12961E-02,  5.78018E+01
196,3.13670E-02,  5.81100E+01
197,3.14379E-02,  5.84263E+01
198,3.15088E-02,  5.87384E+01
199,3.15797E-02,  5.90512E+01
200,3.16505E-02,  5.93723E+01
201,3.17214E-02,  5.96890E+01
202,3.17922E-02,  6.00067E+01
203,3.18631E-02,  6.03324E+01
204,3.19339E-02,  6.06540E+01
205,3.20047E-02,  6.09764E+01
206,3.20755E-02,  6.13070E+01
207,3.21463E-02,  6.16333E+01
208,3.22172E-02,  6.19606E+01
209,3.22879E-02,  6.22960E+01
210,3.23587E-02,  6.26272E+01
211,3.24295E-02,  6.29595E+01
212,3.25002E-02,  6.32997E+01
213,3.25710E-02,  6.36359E+01
214,3.26418E-02,  6.39731E+01
215,3.27125E-02,  6.43184E+01
216,3.27832E-02,  6.46596E+01
217,3.28540E-02,  6.50018E+01
218,3.29247E-02,  6.53521E+01
219,3.29954E-02,  6.56984E+01
220,3.30661E-02,  6.60458E+01
221,3.31368E-02,  6.64011E+01
222,3.32074E-02,  6.67525E+01
223,3.32781E-02,  6.71051E+01
224,3.33488E-02,  6.74656E+01
225,3.34194E-02,  6.78222E+01
226,3.34901E-02,  6.81800E+01
227,3.35607E-02,  6.85456E+01
228,3.36314E-02,  6.89076E+01
229,3.37020E-02,  6.92706E+01
230,3.37726E-02,  6.96415E+01
231,3.38432E-02,  7.00088E+01
232,3.39138E-02,  7.03772E+01
233,3.39844E-02,  7.07534E+01
234,3.40550E-02,  7.11260E+01
235,3.41256E-02,  7.14998E+01
236,3.41962E-02,  7.18813E+01
237,3.42667E-02,  7.22593E+01
238,3.43373E-02,  7.26386E+01
239,3.44078E-02,  7.30254E+01
240,3.44784E-02,  7.34090E+01
241,3.45489E-02,  7.37938E+01
242,3.46194E-02,  7.41860E+01
243,3.46899E-02,  7.45750E+01
244,3.47605E-02,  7.49653E+01
245,3.48310E-02,  7.53629E+01
246,3.49014E-02,  7.57575E+01
247,3.49719E-02,  7.61534E+01
248,3.50424E-02,  7.65565E+01
249,3.51129E-02,  7.69567E+01
250,3.51834E-02,  7.73582E+01
251,3.52538E-02,  7.77666E+01
252,3.53243E-02,  7.81725E+01
253,3.53947E-02,  7.85796E+01
254,3.54651E-02,  7.89935E+01
255,3.55356E-02,  7.94050E+01
256,3.56060E-02,  7.98178E+01
257,3.56764E-02,  8.02371E+01
258,3.57468E-02,  8.06542E+01
259,3.58172E-02,  8.10727E+01
260,3.58876E-02,  8.14975E+01
261,3.59580E-02,  8.19203E+01
262,3.60284E-02,  8.23444E+01
263,3.60988E-02,  8.27747E+01
264,3.61691E-02,  8.32031E+01
265,3.62395E-02,  8.36329E+01
266,3.63098E-02,  8.40686E+01
267,3.63802E-02,  8.45027E+01
268,3.64505E-02,  8.49382E+01
269,3.65209E-02,  8.53792E+01
270,3.65912E-02,  8.58190E+01
271,3.66615E-02,  8.62601E+01
272,3.67318E-02,  8.67065E+01
273,3.68021E-02,  8.71519E+01
274,3.68724E-02,  8.75987E+01
275,3.69427E-02,  8.80503E+01
276,3.70130E-02,  8.85013E+01
277,3.70833E-02,  8.89537E+01
278,3.71536E-02,  8.94106E+01
279,3.72239E-02,  8.98671E+01
280,3.72941E-02,  9.03250E+01
281,3.73644E-02,  9.07871E+01
282,3.74346E-02,  9.12491E+01
283,3.75049E-02,  9.17126E+01
284,3.75751E-02,  9.21797E+01
285,3.76454E-02,  9.26472E+01
286,3.77156E-02,  9.31160E+01
287,3.77858E-02,  9.35881E+01
288,3.78561E-02,  9.40610E+01
289,3.79263E-02,  9.45352E+01
290,3.79965E-02,  9.50121E+01
291,3.80667E-02,  9.54903E+01
292,3.81369E-02,  9.59697E+01
293,3.82071E-02,  9.64514E+01
294,3.82773E-02,  9.69347E+01
295,3.83475E-02,  9.74193E+01
296,3.84177E-02,  9.79056E+01
297,3.84878E-02,  9.83940E+01
298,3.85580E-02,  9.88836E+01
299,3.86282E-02,  9.93744E+01
300,3.86983E-02,  9.98676E+01
301,3.87685E-02,  1.00362E+02
302,3.88386E-02,  1.00857E+02
303,3.89088E-02,  1.01355E+02
304,3.89789E-02,  1.01855E+02
305,3.90491E-02,  1.02354E+02
306,3.91192E-02,  1.02856E+02
307,3.91894E-02,  1.03360E+02
308,3.92595E-02,  1.03863E+02
309,3.93296E-02,  1.04370E+02
310,3.93997E-02,  1.04879E+02
311,3.94698E-02,  1.05385E+02
312,3.95400E-02,  1.05896E+02
313,3.96101E-02,  1.06409E+02
314,3.96802E-02,  1.06919E+02
315,3.97503E-02,  1.07434E+02
316,3.98204E-02,  1.07951E+02
317,3.98905E-02,  1.08464E+02
318,3.99606E-02,  1.08983E+02
319,4.00306E-02,  1.09503E+02
320,4.01007E-02,  1.10019E+02
321,4.01708E-02,  1.10541E+02
322,4.02409E-02,  1.11066E+02
323,4.03110E-02,  1.11586E+02
324,4.03810E-02,  1.12111E+02
325,4.04511E-02,  1.12627E+02
326,4.05212E-02,  1.13151E+02
327,4.05913E-02,  1.13698E+02
328,4.06613E-02,  1.14240E+02
329,4.07314E-02,  1.14772E+02
330,4.08014E-02,  1.15310E+02
331,4.08715E-02,  1.15848E+02
332,4.09415E-02,  1.16376E+02
333,4.10116E-02,  1.16913E+02
334,4.10817E-02,  1.17450E+02
335,4.11517E-02,  1.17977E+02
336,4.12217E-02,  1.18514E+02
337,4.12918E-02,  1.19051E+02
338,4.13618E-02,  1.19577E+02
339,4.14319E-02,  1.20114E+02
340,4.15019E-02,  1.20652E+02
341,4.15720E-02,  1.21177E+02
342,4.16420E-02,  1.21715E+02
343,4.17120E-02,  1.22253E+02
344,4.17821E-02,  1.22777E+02
345,4.18521E-02,  1.23315E+02
346,4.19221E-02,  1.23854E+02
347,4.19922E-02,  1.24377E+02
348,4.20622E-02,  1.24915E+02
349,4.21322E-02,  1.25454E+02
350,4.22023E-02,  1.25975E+02
351,4.22723E-02,  1.26512E+02
352,4.23423E-02,  1.27050E+02
353,4.24123E-02,  1.27570E+02
354,4.24824E-02,  1.28105E+02
355,4.25524E-02,  1.28643E+02
356,4.26224E-02,  1.29159E+02
357,4.26924E-02,  1.29693E+02
358,4.27625E-02,  1.30228E+02
359,4.28325E-02,  1.30741E+02
360,4.29025E-02,  1.31272E+02
361,4.29725E-02,  1.31806E+02
362,4.30426E-02,  1.32314E+02
363,4.31126E-02,  1.32842E+02
364,4.31826E-02,  1.33371E+02
365,4.32527E-02,  1.33875E+02
366,4.33227E-02,  1.34398E+02
367,4.33927E-02,  1.34924E+02
368,4.34627E-02,  1.35421E+02
369,4.35328E-02,  1.35939E+02
370,4.36028E-02,  1.36460E+02
371,4.36728E-02,  1.36949E+02
372,4.37429E-02,  1.37461E+02
373,4.38129E-02,  1.37976E+02
374,4.38829E-02,  1.38458E+02
375,4.39530E-02,  1.38963E+02
376,4.40230E-02,  1.39470E+02
377,4.40930E-02,  1.39942E+02
378,4.41631E-02,  1.40439E+02
379,4.42331E-02,  1.40939E+02
380,4.43031E-02,  1.41400E+02
381,4.43732E-02,  1.41888E+02
382,4.44432E-02,  1.42378E+02
383,4.45133E-02,  1.42828E+02
384,4.45833E-02,  1.43305E+02
385,4.46534E-02,  1.43785E+02
386,4.47234E-02,  1.44223E+02
387,4.47935E-02,  1.44687E+02
388,4.48635E-02,  1.45156E+02
389,4.49336E-02,  1.45579E+02
390,4.50036E-02,  1.46031E+02
391,4.50737E-02,  1.46487E+02
392,4.51437E-02,  1.46895E+02
393,4.52138E-02,  1.47333E+02
394,4.52838E-02,  1.47775E+02
395,4.53539E-02,  1.48166E+02
396,4.54240E-02,  1.48587E+02
397,4.54940E-02,  1.49014E+02
398,4.55641E-02,  1.49387E+02
399,4.56342E-02,  1.49792E+02
400,4.57043E-02,  1.50202E+02
401,4.57743E-02,  1.50555E+02
402,4.58444E-02,  1.50941E+02
403,4.59145E-02,  1.51333E+02
404,4.59846E-02,  1.51665E+02
405,4.60546E-02,  1.52031E+02
406,4.61247E-02,  1.52403E+02
407,4.61948E-02,  1.52713E+02
408,4.62649E-02,  1.53058E+02
409,4.63350E-02,  1.53409E+02
410,4.64051E-02,  1.53695E+02
411,4.64752E-02,  1.54016E+02
412,4.65453E-02,  1.54345E+02
413,4.66154E-02,  1.54606E+02
414,4.66855E-02,  1.54903E+02
415,4.67556E-02,  1.55208E+02
416,4.68257E-02,  1.55442E+02
417,4.68958E-02,  1.55713E+02
418,4.69659E-02,  1.55992E+02
419,4.70360E-02,  1.56198E+02
420,4.71061E-02,  1.56441E+02
421,4.71762E-02,  1.56693E+02
422,4.72463E-02,  1.56869E+02
423,4.73165E-02,  1.57082E+02
424,4.73866E-02,  1.57305E+02
425,4.74567E-02,  1.57449E+02
426,4.75268E-02,  1.57630E+02
427,4.75969E-02,  1.57823E+02
428,4.76671E-02,  1.57934E+02
429,4.77372E-02,  1.58083E+02
430,4.78073E-02,  1.58244E+02
431,4.78775E-02,  1.58321E+02
432,4.79476E-02,  1.58436E+02
433,4.80177E-02,  1.58565E+02
434,4.80878E-02,  1.58606E+02
435,4.81580E-02,  1.58686E+02
436,4.82281E-02,  1.58778E+02
437,4.82982E-02,  1.58780E+02
438,4.83684E-02,  1.58820E+02
439,4.84385E-02,  1.58873E+02
440,4.85087E-02,  1.58833E+02
441,4.85788E-02,  1.58830E+02
442,4.86489E-02,  1.58842E+02
443,4.87191E-02,  1.58762E+02
444,4.87892E-02,  1.58721E+02
445,4.88594E-02,  1.58700E+02
446,4.89295E-02,  1.58587E+02
447,4.89996E-02,  1.58516E+02
448,4.90698E-02,  1.58469E+02
449,4.91399E-02,  1.58333E+02
450,4.92100E-02,  1.58239E+02
451,4.92802E-02,  1.58173E+02
452,4.93503E-02,  1.58017E+02
453,4.94205E-02,  1.57903E+02
454,4.94906E-02,  1.57818E+02
455,4.95607E-02,  1.57641E+02
456,4.96309E-02,  1.57506E+02
457,4.97010E-02,  1.57402E+02
458,4.97711E-02,  1.57205E+02
459,4.98413E-02,  1.57050E+02
460,4.99114E-02,  1.56928E+02
461,4.99815E-02,  1.56715E+02
462,5.00516E-02,  1.56545E+02
463,5.01218E-02,  1.56413E+02
464,5.01919E-02,  1.56192E+02
465,5.02620E-02,  1.56021E+02
466,5.03321E-02,  1.55895E+02
467,5.04022E-02,  1.55698E+02
468,5.04723E-02,  1.55479E+02
469,5.05424E-02,  1.55267E+02
470,5.06125E-02,  1.55128E+02
471,5.06826E-02,  1.55058E+02
472,5.07527E-02,  1.54910E+02
473,5.08228E-02,  1.54621E+02
474,5.08929E-02,  1.54347E+02
475,5.09630E-02,  1.54092E+02
476,5.10331E-02,  1.53720E+02
477,5.11032E-02,  1.53373E+02
478,5.11732E-02,  1.53050E+02
479,5.12433E-02,  1.52611E+02
480,5.13134E-02,  1.52196E+02
481,5.13834E-02,  1.51810E+02
482,5.14535E-02,  1.51307E+02
483,5.15235E-02,  1.50830E+02
484,5.15936E-02,  1.50385E+02
485,5.16636E-02,  1.49823E+02
486,5.17336E-02,  1.49287E+02
487,5.18036E-02,  1.48785E+02
488,5.18736E-02,  1.48167E+02
489,5.19436E-02,  1.47574E+02
490,5.20136E-02,  1.47018E+02
491,5.20836E-02,  1.46346E+02
492,5.21536E-02,  1.45699E+02
493,5.22236E-02,  1.45090E+02
494,5.22936E-02,  1.44366E+02
495,5.23635E-02,  1.43666E+02
496,5.24335E-02,  1.43007E+02
497,5.25034E-02,  1.42234E+02
498,5.25733E-02,  1.41485E+02
499,5.26433E-02,  1.40777E+02
500,5.27132E-02,  1.39957E+02
501,5.27831E-02,  1.39160E+02
502,5.28530E-02,  1.38406E+02
503,5.29229E-02,  1.37541E+02
504,5.29928E-02,  1.36698E+02
505,5.30626E-02,  1.35901E+02
506,5.31325E-02,  1.34993E+02
507,5.32023E-02,  1.34107E+02
508,5.32722E-02,  1.33267E+02
509,5.33420E-02,  1.32320E+02
510,5.34118E-02,  1.31393E+02
511,5.34816E-02,  1.30513E+02
512,5.35514E-02,  1.29528E+02
513,5.36212E-02,  1.28562E+02
514,5.36909E-02,  1.27646E+02
515,5.37607E-02,  1.26625E+02
516,5.38304E-02,  1.25623E+02
517,5.39002E-02,  1.24671E+02
518,5.39699E-02,  1.23618E+02
519,5.40396E-02,  1.22582E+02
520,5.41093E-02,  1.21597E+02
521,5.41789E-02,  1.20514E+02
522,5.42486E-02,  1.19447E+02
523,5.43182E-02,  1.18431E+02
524,5.43879E-02,  1.17320E+02
525,5.44575E-02,  1.16225E+02
526,5.45271E-02,  1.15181E+02
527,5.45967E-02,  1.14045E+02
528,5.46663E-02,  1.12924E+02
529,5.47358E-02,  1.11854E+02
530,5.48054E-02,  1.10696E+02
531,5.48749E-02,  1.09552E+02
532,5.49444E-02,  1.08458E+02
533,5.50139E-02,  1.07280E+02
534,5.50834E-02,  1.06116E+02
535,5.51529E-02,  1.05002E+02
536,5.52223E-02,  1.03807E+02
537,5.52917E-02,  1.02625E+02
538,5.53611E-02,  1.01493E+02
539,5.54305E-02,  1.00284E+02
540,5.54999E-02,  9.90875E+01
541,5.55693E-02,  9.79405E+01
542,5.56386E-02,  9.67199E+01
543,5.57079E-02,  9.55112E+01
544,5.57773E-02,  9.43517E+01
545,5.58465E-02,  9.31226E+01
546,5.59158E-02,  9.19048E+01
547,5.59851E-02,  9.07356E+01
548,5.60543E-02,  8.95006E+01
549,5.61235E-02,  8.82767E+01
550,5.61928E-02,  8.71004E+01
551,5.62619E-02,  8.58624E+01
552,5.63311E-02,  8.46352E+01
553,5.64002E-02,  8.34547E+01
554,5.64693E-02,  8.22165E+01
555,5.65384E-02,  8.09888E+01
556,5.66076E-02,  7.98069E+01
557,5.66766E-02,  7.85712E+01
558,5.67456E-02,  7.73459E+01
559,5.68147E-02,  7.61653E+01
560,5.68837E-02,  7.49349E+01
561,5.69527E-02,  7.37148E+01
562,5.70216E-02,  7.25383E+01
563,5.70906E-02,  7.13159E+01
564,5.71595E-02,  7.01037E+01
565,5.72284E-02,  6.89340E+01
566,5.72973E-02,  6.77223E+01
567,5.73661E-02,  6.65208E+01
568,5.74350E-02,  6.53605E+01
569,5.75038E-02,  6.41621E+01
570,5.75726E-02,  6.29739E+01
571,5.76414E-02,  6.18258E+01
572,5.77101E-02,  6.06432E+01
573,5.77788E-02,  5.94710E+01
574,5.78476E-02,  5.83376E+01
575,5.79162E-02,  5.71733E+01
576,5.79849E-02,  5.60196E+01
577,5.80536E-02,  5.49035E+01
578,5.81222E-02,  5.37600E+01
579,5.81908E-02,  5.26273E+01
580,5.82594E-02,  5.15309E+01
581,5.83279E-02,  5.04106E+01
582,5.83964E-02,  4.93013E+01
583,5.84650E-02,  4.82271E+01
584,5.85334E-02,  4.71322E+01
585,5.86019E-02,  4.60487E+01
586,5.86704E-02,  4.49990E+01
587,5.87388E-02,  4.39319E+01
588,5.88072E-02,  4.28765E+01
589,5.88756E-02,  4.18537E+01
590,5.89439E-02,  4.08164E+01
591,5.90122E-02,  3.97912E+01
592,5.90806E-02,  3.87975E+01
593,5.91488E-02,  3.77923E+01
594,5.92171E-02,  3.67995E+01
595,5.92853E-02,  3.58370E+01
596,5.93535E-02,  3.48657E+01
597,5.94217E-02,  3.39071E+01
598,5.94899E-02,  3.29777E+01
599,5.95580E-02,  3.20420E+01
600,5.96261E-02,  3.11192E+01
601,5.96942E-02,  3.02242E+01
602,5.97623E-02,  2.93249E+01
603,5.98303E-02,  2.84382E+01
604,5.98984E-02,  2.75773E+01
605,5.99663E-02,  2.67129E+01
606,6.00343E-02,  2.58594E+01
607,6.01023E-02,  2.50274E+01
608,6.01702E-02,  2.41891E+01
609,6.02381E-02,  2.33538E+01
610,6.03060E-02,  2.25263E+01
611,6.03738E-02,  2.16771E+01
612,6.04417E-02,  2.08160E+01
613,6.05095E-02,  1.99571E+01
614,6.05772E-02,  1.90723E+01
615,6.06450E-02,  1.81698E+01
616,6.07127E-02,  1.72771E+01
617,6.07804E-02,  1.63898E+01
618,6.08481E-02,  1.55209E+01
619,6.09158E-02,  1.46793E+01
620,6.09834E-02,  1.38512E+01
621,6.10510E-02,  1.30437E+01
622,6.11186E-02,  1.22621E+01
623,6.11862E-02,  1.14941E+01
624,6.12537E-02,  1.07451E+01
625,6.13212E-02,  1.00192E+01
626,6.13887E-02,  9.30615E+00
627,6.14561E-02,  8.61044E+00
628,6.15236E-02,  7.93512E+00
629,6.15910E-02,  7.27216E+00
630,6.16584E-02,  6.62505E+00
631,6.17258E-02,  5.99599E+00
632,6.17931E-02,  5.37899E+00
633,6.18604E-02,  4.77671E+00
634,6.19277E-02,  4.19051E+00
635,6.19949E-02,  3.61628E+00
636,6.20622E-02,  3.05588E+00
637,6.21294E-02,  2.50989E+00
638,6.21965E-02,  1.97589E+00
639,6.22637E-02,  1.45501E+00
640,6.23309E-02,  9.47097E-01
641,6.23980E-02,  4.51218E-01
642,6.24650E-02, -3.21352E-02
643,6.25321E-02, -5.03818E-01
644,6.25991E-02, -9.63365E-01
645,6.26661E-02, -1.41086E+00
646,6.27331E-02, -1.84782E+00
647,6.28001E-02, -2.27250E+00
648,6.28670E-02, -2.68555E+00
649,6.29339E-02, -3.08933E+00
650,6.30008E-02, -3.48072E+00
651,6.30677E-02, -3.86065E+00
652,6.31345E-02, -4.23212E+00
653,6.32013E-02, -4.59119E+00
654,6.32681E-02, -4.93931E+00
655,6.33348E-02, -5.27981E+00
656,6.34016E-02, -5.60792E+00
657,6.34683E-02, -5.92557E+00
658,6.35350E-02, -6.23663E+00
659,6.36016E-02, -6.53545E+00
660,6.36682E-02, -6.82407E+00
661,6.37348E-02, -7.10679E+00
662,6.38014E-02, -7.37739E+00
663,6.38679E-02, -7.63823E+00
664,6.39345E-02, -7.89397E+00
665,6.40009E-02, -8.13773E+00
666,6.40674E-02, -8.37217E+00
667,6.41339E-02, -8.60237E+00
668,6.42003E-02, -8.82080E+00
669,6.42667E-02, -9.03004E+00
670,6.43331E-02, -9.23552E+00
671,6.43994E-02, -9.42943E+00
672,6.44657E-02, -9.61464E+00
673,6.45320E-02, -9.79681E+00
674,6.45982E-02, -9.96771E+00
675,6.46645E-02, -1.01303E+01
676,6.47307E-02, -1.02905E+01
677,6.47968E-02, -1.04397E+01
678,6.48630E-02, -1.05811E+01
679,6.49291E-02, -1.07208E+01
680,6.49952E-02, -1.08500E+01
681,6.50613E-02, -1.09716E+01
682,6.51274E-02, -1.10919E+01
683,6.51934E-02, -1.12020E+01
684,6.52593E-02, -1.13049E+01
685,6.53253E-02, -1.14072E+01
686,6.53913E-02, -1.14994E+01
687,6.54572E-02, -1.15849E+01
688,6.55231E-02, -1.16703E+01
689,6.55889E-02, -1.17462E+01
690,6.56547E-02, -1.18155E+01
691,6.57206E-02, -1.18852E+01
692,6.57863E-02, -1.19456E+01
693,6.58521E-02, -1.19998E+01
694,6.59178E-02, -1.20545E+01
695,6.59835E-02, -1.21003E+01
696,6.60491E-02, -1.21401E+01
697,6.61148E-02, -1.21808E+01
698,6.61804E-02, -1.22127E+01
699,6.62460E-02, -1.22388E+01
700,6.63115E-02, -1.22660E+01
701,6.63770E-02, -1.22848E+01
702,6.64425E-02, -1.22981E+01
703,6.65080E-02, -1.23129E+01
704,6.65735E-02, -1.23198E+01
705,6.66389E-02, -1.23216E+01
706,6.67043E-02, -1.23254E+01
707,6.67696E-02, -1.23219E+01
708,6.68349E-02, -1.23138E+01
709,6.69003E-02, -1.23084E+01
710,6.69655E-02, -1.22965E+01
711,6.70308E-02, -1.22810E+01
712,6.70960E-02, -1.22689E+01
713,6.71612E-02, -1.22516E+01
714,6.72263E-02, -1.22316E+01
715,6.72915E-02, -1.22163E+01
716,6.73565E-02, -1.21969E+01
717,6.74216E-02, -1.21760E+01
718,6.74867E-02, -1.21610E+01
719,6.75517E-02, -1.21430E+01
720,6.76167E-02, -1.21247E+01
721,6.76816E-02, -1.21130E+01
722,6.77465E-02, -1.20992E+01
723,6.78114E-02, -1.20857E+01
724,6.78763E-02, -1.20792E+01
725,6.79411E-02, -1.20709E+01
726,6.80059E-02, -1.20627E+01
727,6.80708E-02, -1.20611E+01
728,6.81355E-02, -1.20572E+01
729,6.82002E-02, -1.20524E+01
730,6.82649E-02, -1.20530E+01
731,6.83295E-02, -1.20497E+01
732,6.83942E-02, -1.20435E+01
733,6.84588E-02, -1.20404E+01
734,6.85233E-02, -1.20310E+01
735,6.85879E-02, -1.20158E+01
736,6.86524E-02, -1.20007E+01
737,6.87169E-02, -1.19760E+01
738,6.87813E-02, -1.19420E+01
739,6.88458E-02, -1.19043E+01
740,6.89101E-02, -1.18530E+01
741,6.89745E-02, -1.17883E+01
742,6.90388E-02, -1.17153E+01
743,6.91031E-02, -1.16240E+01
744,6.91674E-02, -1.15142E+01
745,6.92316E-02, -1.13906E+01
746,6.92958E-02, -1.12436E+01
747,6.93600E-02, -1.10735E+01
748,6.94241E-02, -1.08858E+01
749,6.94882E-02, -1.06720E+01
750,6.95523E-02, -1.04293E+01
751,6.96164E-02, -1.01520E+01
752,6.96804E-02, -9.80699E+00
753,6.97443E-02, -9.34824E+00
754,6.98083E-02, -8.72199E+00
755,6.98722E-02, -7.89301E+00
756,6.99361E-02, -7.00787E+00
757,7.00000E-02, -7.00067E+00
758,7.02466E-02, -8.25015E+00
759,7.04994E-02, -9.60581E+00
760,7.07586E-02, -1.05099E+01
761,7.10244E-02, -1.12357E+01
762,7.12969E-02, -1.18830E+01
763,7.15764E-02, -1.24811E+01
764,7.18629E-02, -1.30517E+01
765,7.21567E-02, -1.36068E+01
766,7.24580E-02, -1.41546E+01
767,7.27669E-02, -1.46998E+01
768,7.30837E-02, -1.52442E+01
769,7.34084E-02, -1.57871E+01
770,7.37415E-02, -1.63250E+01
771,7.40829E-02, -1.68518E+01
772,7.44331E-02, -1.73585E+01
773,7.47921E-02, -1.78341E+01
774,7.51602E-02, -1.82668E+01
775,7.55377E-02, -1.86452E+01
776,7.59247E-02, -1.89595E+01
777,7.63216E-02, -1.92014E+01
778,7.67285E-02, -1.93643E+01
779,7.71458E-02, -1.94441E+01
780,7.75736E-02, -1.94364E+01
781,7.80123E-02, -1.93326E+01
782,7.84621E-02, -1.91236E+01
783,7.89234E-02, -1.88032E+01
784,7.93963E-02, -1.83668E+01
785,7.98812E-02, -1.78090E+01
786,8.03785E-02, -1.71254E+01
787,8.08883E-02, -1.63160E+01
788,8.14111E-02, -1.53814E+01
789,8.19472E-02, -1.43219E+01
790,8.24968E-02, -1.31418E+01
791,8.30604E-02, -1.18471E+01
792,8.36383E-02, -1.04444E+01
793,8.42308E-02, -8.94450E+00
794,8.48384E-02, -7.35875E+00
795,8.54614E-02, -5.69975E+00
796,8.61002E-02, -3.98627E+00
797,8.67553E-02, -2.23387E+00
798,8.74269E-02, -4.62264E-01
799,8.81156E-02,  1.29676E+00
800,8.88217E-02,  3.01960E+00
801,8.95458E-02,  4.69415E+00
802,9.02882E-02,  6.30821E+00
803,9.10495E-02,  7.84916E+00
804,9.18300E-02,  9.30596E+00
805,9.26304E-02,  1.06693E+01
806,9.34511E-02,  1.19322E+01
807,9.42926E-02,  1.30897E+01
808,9.51555E-02,  1.41391E+01
809,9.60402E-02,  1.50801E+01
810,9.69474E-02,  1.59142E+01
811,9.78776E-02,  1.66450E+01
812,9.88314E-02,  1.72775E+01
813,9.98094E-02,  1.78183E+01
814,1.00812E-01,  1.82752E+01
815,1.01840E-01,  1.86567E+01
816,1.02895E-01,  1.89719E+01
817,1.03976E-01,  1.92302E+01
818,1.05084E-01,  1.94408E+01
819,1.06221E-01,  1.96129E+01
820,1.07387E-01,  1.97552E+01
821,1.08582E-01,  1.98758E+01
822,1.09807E-01,  1.99825E+01
823,1.11063E-01,  2.00820E+01
824,1.12352E-01,  2.01804E+01
825,1.13673E-01,  2.02828E+01
826,1.15027E-01,  2.03931E+01
827,1.16416E-01,  2.05144E+01
828,1.17840E-01,  2.06487E+01
829,1.19301E-01,  2.07969E+01
830,1.20798E-01,  2.09595E+01
831,1.22333E-01,  2.11360E+01
832,1.23907E-01,  2.13254E+01
833,1.25522E-01,  2.15263E+01
834,1.27177E-01,  2.17366E+01
835,1.28874E-01,  2.19544E+01
836,1.30614E-01,  2.21771E+01
837,1.32398E-01,  2.24027E+01
838,1.34228E-01,  2.26276E+01
839,1.36104E-01,  2.28485E+01
840,1.38028E-01,  2.30983E+01
841,1.40000E-01,  2.32386E+01
